0 0 0
0 0.06 0.000328032
0 0.12 0.00119084
0 0.18 0.00241694
0 0.24 0.00384948
0 0.3 0.00534712
0 0.36 0.006785
0 0.42 0.00805578
0 0.48 0.00907071
0 0.54 0.00976077
0 0.6 0.0100779
0 0.66 0.00999623
0 0.72 0.00951365
0 0.78 0.00865303
0 0.84 0.00746393
0 0.9 0.00602419
0 0.96 0.00444167
0 1.02 0.00285615
0 1.08 0.00144127
0 1.14 0.000406622
0 1.2 0
0 1.26 0.00334586
0 1.32 0.0126097
0 1.38 0.0266656
0 1.44 0.0444362
0 1.5 0.0648955
0 1.56 0.0870726
0 1.62 0.110054
0 1.68 0.13299
0 1.74 0.155093
0 1.8 0.175647
0 1.86 0.194011
0 1.92 0.20962
0 1.98 0.221994
0 2.04 0.230741
0 2.1 0.235562
0 2.16 0.23626
0 2.22 0.232741
0 2.28 0.225026
0 2.34 0.213254
0 2.4 0.197691
0 2.46 0.178737
0 2.52 0.156937
0 2.58 0.132985
0 2.64 0.107739
0 2.7 0.0822264
0 2.76 0.0576561
0 2.82 0.0354309
0 2.88 0.017158
0 2.94 0.00466245
0 3 0
0.06 0 0.000155973
0.06 0.06 0.0025817
0.06 0.12 0.00368194
0.06 0.18 0.00234896
0.06 0.24 0.001015
0.06 0.3 2.9228e-05
0.06 0.36 -0.000715715
0.06 0.42 -0.00130858
0.06 0.48 -0.0018184
0.06 0.54 -0.00229323
0.06 0.6 -0.00275889
0.06 0.66 -0.00321755
0.06 0.72 -0.00364631
0.06 0.78 -0.00399563
0.06 0.84 -0.00418767
0.06 0.9 -0.00411455
0.06 0.96 -0.0036365
0.06 1.02 -0.00257988
0.06 1.08 -0.000736951
0.06 1.14 0.000366526
0.06 1.2 0.00134577
0.06 1.26 0.00118851
0.06 1.32 0.00762587
0.06 1.38 0.0273023
0.06 1.44 0.0531639
0.06 1.5 0.0741639
0.06 1.56 0.0903516
0.06 1.62 0.10202
0.06 1.68 0.109567
0.06 1.74 0.115769
0.06 1.8 0.121693
0.06 1.86 0.126772
0.06 1.92 0.130527
0.06 1.98 0.132566
0.06 2.04 0.132591
0.06 2.1 0.130403
0.06 2.16 0.125909
0.06 2.22 0.11913
0.06 2.28 0.110205
0.06 2.34 0.0993999
0.06 2.4 0.0871153
0.06 2.46 0.073895
0.06 2.52 0.0604344
0.06 2.58 0.0475902
0.06 2.64 0.0363515
0.06 2.7 0.0257693
0.06 2.76 0.0157342
0.06 2.82 0.00720521
0.06 2.88 0.00135905
0.06 2.94 0.000954803
0.06 3 0.0186487
0.12 0 0.000544115
0.12 0.06 0.00292562
0.12 0.12 0.00889095
0.12 0.18 0.011475
0.12 0.24 0.0111975
0.12 0.3 0.00869823
0.12 0.36 0.00534083
0.12 0.42 0.00246015
0.12 0.48 2.23972e-05
0.12 0.54 -0.00199825
0.12 0.6 -0.00360399
0.12 0.66 -0.00477189
0.12 0.72 -0.00545242
0.12 0.78 -0.00556773
0.12 0.84 -0.00500996
0.12 0.9 -0.00363933
0.12 0.96 -0.00128954
0.12 1.02 0.000850972
0.12 1.08 0.00144645
0.12 1.14 -7.80003e-06
0.12 1.2 0.00502334
0.12 1.26 0.00688407
0.12 1.32 0.00332351
0.12 1.38 0.00801153
0.12 1.44 0.0217739
0.12 1.5 0.0447638
0.12 1.56 0.0759609
0.12 1.62 0.110638
0.12 1.68 0.137763
0.12 1.74 0.157159
0.12 1.8 0.169404
0.12 1.86 0.175165
0.12 1.92 0.175193
0.12 1.98 0.170335
0.12 2.04 0.161538
0.12 2.1 0.149853
0.12 2.16 0.136502
0.12 2.22 0.122864
0.12 2.28 0.109337
0.12 2.34 0.0956738
0.12 2.4 0.0816658
0.12 2.46 0.0673605
0.12 2.52 0.0529662
0.12 2.58 0.0388624
0.12 2.64 0.0256103
0.12 2.7 0.0139641
0.12 2.76 0.00488278
0.12 2.82 -0.000541802
0.12 2.88 0.00356009
0.12 2.94 0.0261722
0.12 3 0.0701368
0.18 0 0.00105521
0.18 0.06 0.00153574
0.18 0.12 0.0103737
0.18 0.18 0.0169527
0.18 0.24 0.0200864
0.18 0.3 0.0202727
0.18 0.36 0.0181913
0.18 0.42 0.0145388
0.18 0.48 0.0100935
0.18 0.54 0.0061697
0.18 0.6 0.00309167
0.18 0.66 0.000908951
0.18 0.72 -0.000300629
0.18 0.78 -0.000429191
0.18 0.84 0.00065383
0.18 0.9 0.00218458
0.18 0.96 0.00319644
0.18 1.02 0.00314285
0.18 1.08 0.0015178
0.18 1.14 0.000289533
0.18 1.2 0.0103324
0.18 1.26 0.0163505
0.18 1.32 0.00791914
0.18 1.38 0.00467413
0.18 1.44 0.00821187
0.18 1.5 0.017175
0.18 1.56 0.0323833
0.18 1.62 0.0529788
0.18 1.68 0.0781501
0.18 1.74 0.107165
0.18 1.8 0.137316
0.18 1.86 0.158589
0.18 1.92 0.170474
0.18 1.98 0.173919
0.18 2.04 0.169975
0.18 2.1 0.159806
0.18 2.16 0.144698
0.18 2.22 0.12606
0.18 2.28 0.106136
0.18 2.34 0.0869655
0.18 2.4 0.0685565
0.18 2.46 0.0511173
0.18 2.52 0.0350273
0.18 2.58 0.0208477
0.18 2.64 0.00933277
0.18 2.7 0.00144146
0.18 2.76 -0.00164496
0.18 2.82 0.0062945
0.18 2.88 0.0320139
0.18 2.94 0.0515116
0.18 3 0.147987
0.24 0 0.00159466
0.24 0.06 0.000426557
0.24 0.12 0.00897818
0.24 0.18 0.0187326
0.24 0.24 0.0250559
0.24 0.3 0.0279496
0.24 0.36 0.0278891
0.24 0.42 0.0255987
0.24 0.48 0.0218209
0.24 0.54 0.0173234
0.24 0.6 0.0129005
0.24 0.66 0.009429
0.24 0.72 0.00744292
0.24 0.78 0.00667894
0.24 0.84 0.0064604
0.24 0.9 0.00620254
0.24 0.96 0.00535881
0.24 1.02 0.00342321
0.24 1.08 -5.47397e-05
0.24 1.14 0.00308667
0.24 1.2 0.0166211
0.24 1.26 0.0254539
0.24 1.32 0.0187939
0.24 1.38 0.00742674
0.24 1.44 0.0043868
0.24 1.5 0.00701332
0.24 1.56 0.0129482
0.24 1.62 0.0222504
0.24 1.68 0.0344157
0.24 1.74 0.0487944
0.24 1.8 0.0648254
0.24 1.86 0.0820415
0.24 1.92 0.100075
0.24 1.98 0.117709
0.24 2.04 0.126682
0.24 2.1 0.126214
0.24 2.16 0.117715
0.24 2.22 0.102731
0.24 2.28 0.08295
0.24 2.34 0.0621418
0.24 2.4 0.0434
0.24 2.46 0.0270662
0.24 2.52 0.0137016
0.24 2.58 0.00406029
0.24 2.64 -0.00133503
0.24 2.7 -0.00210993
0.24 2.76 0.0076367
0.24 2.82 0.0343513
0.24 2.88 0.084363
0.24 2.94 0.0504771
0.24 3 0.246016
0.3 0 0.00208339
0.3 0.06 -0.000450259
0.3 0.12 0.00630599
0.3 0.18 0.0177566
0.3 0.24 0.0264361
0.3 0.3 0.0317879
0.3 0.36 0.0338145
0.3 0.42 0.0329694
0.3 0.48 0.0300268
0.3 0.54 0.0257812
0.3 0.6 0.0210549
0.3 0.66 0.0167007
0.3 0.72 0.0135499
0.3 0.78 0.011441
0.3 0.84 0.00977235
0.3 0.9 0.00799742
0.3 0.96 0.00561019
0.3 1.02 0.0021477
0.3 1.08 -0.000381651
0.3 1.14 0.00772922
0.3 1.2 0.0232893
0.3 1.26 0.0336486
0.3 1.32 0.0303465
0.3 1.38 0.0149178
0.3 1.44 0.0050531
0.3 1.5 0.00259712
0.3 1.56 0.00496988
0.3 1.62 0.00966988
0.3 1.68 0.0155332
0.3 1.74 0.0220872
0.3 1.8 0.0288462
0.3 1.86 0.0354429
0.3 1.92 0.0416157
0.3 1.98 0.0472155
0.3 2.04 0.0522124
0.3 2.1 0.0567037
0.3 2.16 0.0605882
0.3 2.22 0.0578461
0.3 2.28 0.0476459
0.3 2.34 0.0320346
0.3 2.4 0.0171994
0.3 2.46 0.00639204
0.3 2.52 0.000366788
0.3 2.58 -0.00327187
0.3 2.64 -0.00345805
0.3 2.7 0.00606532
0.3 2.76 0.0317447
0.3 2.82 0.0802871
0.3 2.88 0.132155
0.3 2.94 0.034489
0.3 3 0.358352
0.36 0 0.00245883
0.36 0.06 -0.00113979
0.36 0.12 0.0040981
0.36 0.18 0.0150011
0.36 0.24 0.0252615
0.36 0.3 0.0322341
0.36 0.36 0.0360714
0.36 0.42 0.0367874
0.36 0.48 0.034815
0.36 0.54 0.0309844
0.36 0.6 0.0261481
0.36 0.66 0.0211906
0.36 0.72 0.0170294
0.36 0.78 0.0138089
0.36 0.84 0.0109617
0.36 0.9 0.00798182
0.36 0.96 0.00440622
0.36 1.02 -0.000151729
0.36 1.08 0.0020036
0.36 1.14 0.0136143
0.36 1.2 0.0297915
0.36 1.26 0.0404473
0.36 1.32 0.0393349
0.36 1.38 0.0258619
0.36 1.44 0.00911679
0.36 1.5 0.00147473
0.36 1.56 0.00055596
0.36 1.62 0.00394229
0.36 1.68 0.00930397
0.36 1.74 0.0147349
0.36 1.8 0.0192265
0.36 1.86 0.0223143
0.36 1.92 0.023849
0.36 1.98 0.0238009
0.36 2.04 0.0222672
0.36 2.1 0.0194794
0.36 2.16 0.0158123
0.36 2.22 0.0117921
0.36 2.28 0.00810649
0.36 2.34 0.00556888
0.36 2.4 0.00113921
0.36 2.46 -0.00125857
0.36 2.52 -0.00558281
0.36 2.58 -0.00721067
0.36 2.64 5.90282e-05
0.36 2.7 0.0226728
0.36 2.76 0.0673375
0.36 2.82 0.140492
0.36 2.88 0.158207
0.36 2.94 0.0730715
0.36 3 0.479454
0.42 0 0.00267588
0.42 0.06 -0.00166853
0.42 0.12 0.00238992
0.42 0.18 0.0117573
0.42 0.24 0.0225519
0.42 0.3 0.0304159
0.42 0.36 0.0352333
0.42 0.42 0.0372084
0.42 0.48 0.036377
0.42 0.54 0.0331547
0.42 0.6 0.0284335
0.42 0.66 0.0231318
0.42 0.72 0.0182154
0.42 0.78 0.0141549
0.42 0.84 0.0104412
0.42 0.9 0.00661141
0.42 0.96 0.00224829
0.42 1.02 -0.000630698
0.42 1.08 0.00649819
0.42 1.14 0.020194
0.42 1.2 0.0356402
0.42 1.26 0.0454244
0.42 1.32 0.0453988
0.42 1.38 0.035041
0.42 1.44 0.0155578
0.42 1.5 0.00270452
0.42 1.56 -0.00144761
0.42 1.62 0.000771665
0.42 1.68 0.00712652
0.42 1.74 0.0153219
0.42 1.8 0.0218668
0.42 1.86 0.0260263
0.42 1.92 0.0277675
0.42 1.98 0.0271845
0.42 2.04 0.0245061
0.42 2.1 0.0201039
0.42 2.16 0.0145013
0.42 2.22 0.00838295
0.42 2.28 0.0026046
0.42 2.34 -0.000137007
0.42 2.4 0.00810104
0.42 2.46 -0.00974775
0.42 2.52 -0.0148892
0.42 2.58 -0.0119035
0.42 2.64 0.00561415
0.42 2.7 0.0443709
0.42 2.76 0.11135
0.42 2.82 0.194138
0.42 2.88 0.160818
0.42 2.94 0.165117
0.42 3 0.604134
0.48 0 0.00270806
0.48 0.06 -0.00204324
0.48 0.12 0.00119563
0.48 0.18 0.00935298
0.48 0.24 0.0193507
0.48 0.3 0.0274018
0.48 0.36 0.0325216
0.48 0.42 0.0349426
0.48 0.48 0.0349274
0.48 0.54 0.0325455
0.48 0.6 0.0281984
0.48 0.66 0.0228474
0.48 0.72 0.017485
0.48 0.78 0.0128914
0.48 0.84 0.00866635
0.48 0.9 0.00438757
0.48 0.96 -0.000261135
0.48 1.02 0.00186641
0.48 1.08 0.012554
0.48 1.14 0.0269781
0.48 1.2 0.0404097
0.48 1.26 0.0482196
0.48 1.32 0.0482478
0.48 1.38 0.0400458
0.48 1.44 0.0232432
0.48 1.5 0.00542816
0.48 1.56 -0.00181071
0.48 1.62 -0.000517944
0.48 1.68 0.00717036
0.48 1.74 0.0167325
0.48 1.8 0.0231735
0.48 1.86 0.0264148
0.48 1.92 0.0265503
0.48 1.98 0.0238088
0.48 2.04 0.018562
0.48 2.1 0.0113332
0.48 2.16 0.00280705
0.48 2.22 -0.00161228
0.48 2.28 0.00834061
0.48 2.34 0.0314081
0.48 2.4 0.047525
0.48 2.46 -0.00159783
0.48 2.52 -0.0282249
0.48 2.58 -0.0209525
0.48 2.64 0.00986575
0.48 2.7 0.0680946
0.48 2.76 0.160773
0.48 2.82 0.230991
0.48 2.88 0.138619
0.48 2.94 0.297563
0.48 3 0.727576
0.54 0 0.00254861
0.54 0.06 -0.00224972
0.54 0.12 0.000551694
0.54 0.18 0.00790477
0.54 0.24 0.0167865
0.54 0.3 0.0242868
0.54 0.36 0.0290596
0.54 0.42 0.0313072
0.54 0.48 0.0313241
0.54 0.54 0.0294387
0.54 0.6 0.0257661
0.54 0.66 0.020699
0.54 0.72 0.0152758
0.54 0.78 0.0104741
0.54 0.84 0.0061386
0.54 0.9 0.0018602
0.54 0.96 -0.000368428
0.54 1.02 0.0067915
0.54 1.08 0.0196811
0.54 1.14 0.0335384
0.54 1.2 0.0438422
0.54 1.26 0.0485423
0.54 1.32 0.0476651
0.54 1.38 0.0407381
0.54 1.44 0.0274744
0.54 1.5 0.00887575
0.54 1.56 -0.00120931
0.54 1.62 -0.000502771
0.54 1.68 0.00850346
0.54 1.74 0.0164941
0.54 1.8 0.0205035
0.54 1.86 0.0206255
0.54 1.92 0.0170889
0.54 1.98 0.0102655
0.54 2.04 0.00068719
0.54 2.1 -0.00183727
0.54 2.16 0.00917481
0.54 2.22 0.0318055
0.54 2.28 0.0643297
0.54 2.34 0.105201
0.54 2.4 0.112422
0.54 2.46 0.0414306
0.54 2.52 -0.0222269
0.54 2.58 -0.0300427
0.54 2.64 0.00994966
0.54 2.7 0.0910726
0.54 2.76 0.203988
0.54 2.82 0.249679
0.54 2.88 0.0906234
0.54 2.94 0.457718
0.54 3 0.84536
0.6 0 0.00221173
0.6 0.06 -0.0022515
0.6 0.12 0.00051819
0.6 0.18 0.00749783
0.6 0.24 0.0156916
0.6 0.3 0.0221492
0.6 0.36 0.0260025
0.6 0.42 0.0274875
0.6 0.48 0.026983
0.6 0.54 0.0248515
0.6 0.6 0.0214955
0.6 0.66 0.0170885
0.6 0.72 0.0120214
0.6 0.78 0.00740448
0.6 0.84 0.00340786
0.6 0.9 -0.000293778
0.6 0.96 0.002819
0.6 1.02 0.0136546
0.6 1.08 0.0273061
0.6 1.14 0.0379236
0.6 1.2 0.044191
0.6 1.26 0.0460695
0.6 1.32 0.0435984
0.6 1.38 0.037063
0.6 1.44 0.0266291
0.6 1.5 0.012106
0.6 1.56 -0.000219632
0.6 1.62 0.000346846
0.6 1.68 0.00846661
0.6 1.74 0.012512
0.6 1.8 0.0118886
0.6 1.86 0.00682502
0.6 1.92 -0.00131296
0.6 1.98 0.000726464
0.6 2.04 0.015181
0.6 2.1 0.039951
0.6 2.16 0.0731185
0.6 2.22 0.112958
0.6 2.28 0.157951
0.6 2.34 0.201622
0.6 2.4 0.194843
0.6 2.46 0.114116
0.6 2.52 0.00649009
0.6 2.58 -0.0258675
0.6 2.64 0.0116817
0.6 2.7 0.111731
0.6 2.76 0.235685
0.6 2.82 0.249186
0.6 2.88 0.0584471
0.6 2.94 0.633288
0.6 3 0.953488
0.66 0 0.00173386
0.66 0.06 -0.00198853
0.66 0.12 0.00118029
0.66 0.18 0.00824397
0.66 0.24 0.0155421
0.66 0.3 0.0206097
0.66 0.36 0.0234851
0.66 0.42 0.0242742
0.66 0.48 0.0231192
0.66 0.54 0.0203021
0.66 0.6 0.0165746
0.66 0.66 0.0124628
0.66 0.72 0.00821252
0.66 0.78 0.00423237
0.66 0.84 0.0010756
0.66 0.9 0.000549071
0.66 0.96 0.00881117
0.66 1.02 0.0204602
0.66 1.08 0.0293928
0.66 1.14 0.0352967
0.66 1.2 0.0381329
0.66 1.26 0.0379407
0.66 1.32 0.0348429
0.66 1.38 0.0290507
0.66 1.44 0.020869
0.66 1.5 0.0110723
0.66 1.56 0.000687979
0.66 1.62 0.00156953
0.66 1.68 0.00491908
0.66 1.74 0.00281821
0.66 1.8 -0.00083464
0.66 1.86 0.00779909
0.66 1.92 0.0278977
0.66 1.98 0.0571903
0.66 2.04 0.0935773
0.66 2.1 0.135141
0.66 2.16 0.180155
0.66 2.22 0.227101
0.66 2.28 0.274676
0.66 2.34 0.307267
0.66 2.4 0.287086
0.66 2.46 0.199137
0.66 2.52 0.05562
0.66 2.58 -0.0100256
0.66 2.64 0.0166462
0.66 2.7 0.128559
0.66 2.76 0.254847
0.66 2.82 0.228867
0.66 2.88 0.0697445
0.66 2.94 0.807523
0.66 3 1.04841
0.72 0 0.0011751
0.72 0.06 -0.00137561
0.72 0.12 0.0026498
0.72 0.18 0.00950073
0.72 0.24 0.0147465
0.72 0.3 0.0181399
0.72 0.36 0.0197868
0.72 0.42 0.0198294
0.72 0.48 0.018448
0.72 0.54 0.0158632
0.72 0.6 0.0123389
0.72 0.66 0.00819339
0.72 0.72 0.00439602
0.72 0.78 0.00157055
0.72 0.84 -0.000105745
0.72 0.9 0.00487465
0.72 0.96 0.0117435
0.72 1.02 0.0170178
0.72 1.08 0.0205846
0.72 1.14 0.022405
0.72 1.2 0.0225184
0.72 1.26 0.0210473
0.72 1.32 0.018203
0.72 1.38 0.0142906
0.72 1.44 0.00971494
0.72 1.5 0.00498662
0.72 1.56 0.000817814
0.72 1.62 0.000203192
0.72 1.68 0.00417463
0.72 1.74 0.0212719
0.72 1.8 0.049045
0.72 1.86 0.0850618
0.72 1.92 0.127052
0.72 1.98 0.172915
0.72 2.04 0.220733
0.72 2.1 0.268781
0.72 2.16 0.31554
0.72 2.22 0.359706
0.72 2.28 0.399832
0.72 2.34 0.414434
0.72 2.4 0.381708
0.72 2.46 0.28767
0.72 2.52 0.12315
0.72 2.58 0.0157825
0.72 2.64 0.0234736
0.72 2.7 0.139498
0.72 2.76 0.26083
0.72 2.82 0.188474
0.72 2.88 0.112642
0.72 2.94 0.958368
0.72 3 1.12705
0.78 0 0.000620614
0.78 0.06 -0.000300941
0.78 0.12 0.00454806
0.78 0.18 0.00893576
0.78 0.24 0.0118108
0.78 0.3 0.0132794
0.78 0.36 0.0134834
0.78 0.42 0.0126032
0.78 0.48 0.0108595
0.78 0.54 0.00851615
0.78 0.6 0.00588275
0.78 0.66 0.00331737
0.78 0.72 0.00122965
0.78 0.78 8.39809e-05
0.78 0.84 1.65739e-05
0.78 0.9 8.14795e-05
0.78 0.96 3.41723e-05
0.78 1.02 -0.000241615
0.78 1.08 -0.000788269
0.78 1.14 -0.00156972
0.78 1.2 -0.00246662
0.78 1.26 -0.00327112
0.78 1.32 -0.0036815
0.78 1.38 -0.00329629
0.78 1.44 -0.00156969
0.78 1.5 -1.35169e-05
0.78 1.56 0.000867957
0.78 1.62 0.00624277
0.78 1.68 0.0554037
0.78 1.74 0.113509
0.78 1.8 0.171092
0.78 1.86 0.22711
0.78 1.92 0.280824
0.78 1.98 0.332756
0.78 2.04 0.381697
0.78 2.1 0.426128
0.78 2.16 0.464745
0.78 2.22 0.496476
0.78 2.28 0.518945
0.78 2.34 0.51568
0.78 2.4 0.471543
0.78 2.46 0.372844
0.78 2.52 0.206207
0.78 2.58 0.0501872
0.78 2.64 0.0311461
0.78 2.7 0.143903
0.78 2.76 0.253384
0.78 2.82 0.128178
0.78 2.88 0.175715
0.78 2.94 1.0817
0.78 3 1.18683
0.84 0 0.000182213
0.84 0.06 0.00120687
0.84 0.12 0.00370025
0.84 0.18 0.00502083
0.84 0.24 0.00527471
0.84 0.3 0.00460393
0.84 0.36 0.00318873
0.84 0.42 0.00127233
0.84 0.48 -0.000500203
0.84 0.54 -0.00175073
0.84 0.6 -0.00220589
0.84 0.66 -0.00154081
0.84 0.72 0.000624135
0.84 0.78 0.00261905
0.84 0.84 7.119e-05
0.84 0.9 0.00106512
0.84 0.96 0.000332095
0.84 1.02 -0.00145327
0.84 1.08 -0.00353375
0.84 1.14 -0.00481042
0.84 1.2 -0.00469503
0.84 1.26 -0.00292601
0.84 1.32 -0.000924664
0.84 1.38 0.000206931
0.84 1.44 -0.000352631
0.84 1.5 0.00195116
0.84 1.56 0.00287665
0.84 1.62 -0.00107706
0.84 1.68 0.0342507
0.84 1.74 0.111391
0.84 1.8 0.221771
0.84 1.86 0.323492
0.84 1.92 0.41093
0.84 1.98 0.483589
0.84 2.04 0.541177
0.84 2.1 0.583623
0.84 2.16 0.611082
0.84 2.22 0.623958
0.84 2.28 0.623837
0.84 2.34 0.603839
0.84 2.4 0.549719
0.84 2.46 0.448099
0.84 2.52 0.285934
0.84 2.58 0.0921707
0.84 2.64 0.039019
0.84 2.7 0.141528
0.84 2.76 0.232684
0.84 2.82 0.0577824
0.84 2.88 0.24801
0.84 2.94 1.17495
0.84 3 1.22571
0.9 0 8.88178e-16
0.9 0.06 -0.000100277
0.9 0.12 -0.000377663
0.9 0.18 -0.000810825
0.9 0.24 -0.00134247
0.9 0.3 -0.00187712
0.9 0.36 -0.00227874
0.9 0.42 -0.00236826
0.9 0.48 -0.00192088
0.9 0.54 -0.000663241
0.9 0.6 0.00172953
0.9 0.66 0.00563705
0.9 0.72 0.0107152
0.9 0.78 0.00671347
0.9 0.84 -0.00153506
0.9 0.9 0.000639713
0.9 0.96 0.00181387
0.9 1.02 0.00137096
0.9 1.08 0.000182747
0.9 1.14 -0.000821787
0.9 1.2 -0.000308596
0.9 1.26 0.000361552
0.9 1.32 9.89879e-05
0.9 1.38 -0.000492379
0.9 1.44 0.00292413
0.9 1.5 0.0120134
0.9 1.56 0.000285746
0.9 1.62 -0.00836944
0.9 1.68 0.0190926
0.9 1.74 0.0754576
0.9 1.8 0.163073
0.9 1.86 0.282394
0.9 1.92 0.419016
0.9 1.98 0.531747
0.9 2.04 0.618175
0.9 2.1 0.678459
0.9 2.16 0.713001
0.9 2.22 0.722464
0.9 2.28 0.707789
0.9 2.34 0.672039
0.9 2.4 0.609676
0.9 2.46 0.507206
0.9 2.52 0.351934
0.9 2.58 0.141088
0.9 2.64 0.0468444
0.9 2.7 0.132544
0.9 2.76 0.199348
0.9 2.82 0.0184096
0.9 2.88 0.31908
0.9 2.94 1.23609
0.9 3 1.24224
0.96 0 0.00147553
0.96 0.06 0.0051953
0.96 0.12 0.0101265
0.96 0.18 0.010341
0.96 0.24 0.0094623
0.96 0.3 0.00873149
0.96 0.36 0.00832767
0.96 0.42 0.00847565
0.96 0.48 0.00944877
0.96 0.54 0.0115719
0.96 0.6 0.0152247
0.96 0.66 0.0206794
0.96 0.72 0.0214968
0.96 0.78 0.0108163
0.96 0.84 -0.00370442
0.96 0.9 -0.00110169
0.96 0.96 0.000538607
0.96 1.02 0.00121566
0.96 1.08 0.000648306
0.96 1.14 0.000160318
0.96 1.2 0.000253957
0.96 1.26 -0.000660216
0.96 1.32 -0.000362898
0.96 1.38 0.00330421
0.96 1.44 0.0120282
0.96 1.5 0.0212838
0.96 1.56 -0.00442119
0.96 1.62 -0.0153961
0.96 1.68 0.00851888
0.96 1.74 0.0554897
0.96 1.8 0.12193
0.96 1.86 0.209062
0.96 1.92 0.317782
0.96 1.98 0.449201
0.96 2.04 0.582161
0.96 2.1 0.678849
0.96 2.16 0.7393
0.96 2.22 0.764453
0.96 2.28 0.755542
0.96 2.34 0.714112
0.96 2.4 0.645184
0.96 2.46 0.544285
0.96 2.52 0.398703
0.96 2.58 0.196513
0.96 2.64 0.0547949
0.96 2.7 0.11757
0.96 2.76 0.154471
0.96 2.82 0.00587053
0.96 2.88 0.379013
0.96 2.94 1.26363
0.96 3 1.23553
1.02 0 0.00547987
1.02 0.06 0.00564315
1.02 0.12 0.0176548
1.02 0.18 0.0272248
1.02 0.24 0.0313
1.02 0.3 0.031394
1.02 0.36 0.0295037
1.02 0.42 0.028195
1.02 0.48 0.0280512
1.02 0.54 0.0294519
1.02 0.6 0.0328374
1.02 0.66 0.0352659
1.02 0.72 0.0306799
1.02 0.78 0.0145154
1.02 0.84 -0.00506644
1.02 0.9 -0.00311363
1.02 0.96 -0.000926642
1.02 1.02 -0.000103576
1.02 1.08 0.000117487
1.02 1.14 -9.9055e-05
1.02 1.2 -0.000817163
1.02 1.26 -0.00042859
1.02 1.32 0.00262699
1.02 1.38 0.0100367
1.02 1.44 0.0235605
1.02 1.5 0.0256853
1.02 1.56 -0.0101764
1.02 1.62 -0.021305
1.02 1.68 0.00139999
1.02 1.74 0.046109
1.02 1.8 0.102358
1.02 1.86 0.168646
1.02 1.92 0.245931
1.02 1.98 0.335556
1.02 2.04 0.439109
1.02 2.1 0.55844
1.02 2.16 0.663939
1.02 2.22 0.724178
1.02 2.28 0.740739
1.02 2.34 0.7155
1.02 2.4 0.650687
1.02 2.46 0.553834
1.02 2.52 0.421134
1.02 2.58 0.24076
1.02 2.64 0.0634903
1.02 2.7 0.0977026
1.02 2.76 0.0996513
1.02 2.82 0.0102526
1.02 2.88 0.418464
1.02 2.94 1.25671
1.02 3 1.20536
1.08 0 0.0114053
1.08 0.06 0.00268076
1.08 0.12 0.0186127
1.08 0.18 0.0331104
1.08 0.24 0.0448217
1.08 0.3 0.0506346
1.08 0.36 0.051926
1.08 0.42 0.0505454
1.08 0.48 0.048397
1.08 0.54 0.0475322
1.08 0.6 0.0483464
1.08 0.66 0.0466469
1.08 0.72 0.0378524
1.08 0.78 0.0174726
1.08 0.84 -0.00582323
1.08 0.9 -0.00475782
1.08 0.96 -0.0015671
1.08 1.02 -0.000192976
1.08 1.08 -3.73081e-05
1.08 1.14 0.000872738
1.08 1.2 -0.000743498
1.08 1.26 0.000428073
1.08 1.32 0.00566134
1.08 1.38 0.0163677
1.08 1.44 0.0317262
1.08 1.5 0.0256259
1.08 1.56 -0.016128
1.08 1.62 -0.0250731
1.08 1.68 -0.00105927
1.08 1.74 0.044277
1.08 1.8 0.0995043
1.08 1.86 0.156229
1.08 1.92 0.21387
1.08 1.98 0.273738
1.08 2.04 0.337681
1.08 2.1 0.407824
1.08 2.16 0.486588
1.08 2.22 0.576206
1.08 2.28 0.63828
1.08 2.34 0.649621
1.08 2.4 0.612833
1.08 2.46 0.530911
1.08 2.52 0.414539
1.08 2.58 0.260043
1.08 2.64 0.0740251
1.08 2.7 0.0745384
1.08 2.76 0.0369576
1.08 2.82 0.0222116
1.08 2.88 0.429853
1.08 2.94 1.21511
1.08 3 1.1522
1.14 0 0.0186802
1.14 0.06 0.000202161
1.14 0.12 0.0158362
1.14 0.18 0.0331094
1.14 0.24 0.0479438
1.14 0.3 0.0596771
1.14 0.36 0.065363
1.14 0.42 0.0661935
1.14 0.48 0.0641309
1.14 0.54 0.0611994
1.14 0.6 0.0590431
1.14 0.66 0.0544105
1.14 0.72 0.0426761
1.14 0.78 0.0194281
1.14 0.84 -0.00615125
1.14 0.9 -0.00530571
1.14 0.96 -0.000449684
1.14 1.02 0.000778796
1.14 1.08 0.000594476
1.14 1.14 0.00815831
1.14 1.2 0.00402203
1.14 1.26 0.00226684
1.14 1.32 0.00702852
1.14 1.38 0.0197058
1.14 1.44 0.0351914
1.14 1.5 0.0216746
1.14 1.56 -0.0212529
1.14 1.62 -0.0254957
1.14 1.68 0.00253886
1.14 1.74 0.0514191
1.14 1.8 0.109931
1.14 1.86 0.167124
1.14 1.92 0.217159
1.14 1.98 0.259567
1.14 2.04 0.296474
1.14 2.1 0.330298
1.14 2.16 0.36377
1.14 2.22 0.399953
1.14 2.28 0.442261
1.14 2.34 0.492098
1.14 2.4 0.504494
1.14 2.46 0.464017
1.14 2.52 0.374679
1.14 2.58 0.250594
1.14 2.64 0.0879974
1.14 2.7 0.050211
1.14 2.76 -0.0101466
1.14 2.82 0.0330065
1.14 2.88 0.410848
1.14 2.94 1.13929
1.14 3 1.07721
1.2 0 0.0267709
1.2 0.06 -0.000764327
1.2 0.12 0.00993279
1.2 0.18 0.0294046
1.2 0.24 0.0458706
1.2 0.3 0.0592696
1.2 0.36 0.069329
1.2 0.42 0.0734486
1.2 0.48 0.0726117
1.2 0.54 0.0689077
1.2 0.6 0.0645154
1.2 0.66 0.0582185
1.2 0.72 0.0448913
1.2 0.78 0.0202055
1.2 0.84 -0.00613851
1.2 0.9 -0.00359205
1.2 0.96 0.00106572
1.2 1.02 -0.000350429
1.2 1.08 0.00384305
1.2 1.14 0.0157266
1.2 1.2 0.0151112
1.2 1.26 0.00693118
1.2 1.32 0.0076636
1.2 1.38 0.0192536
1.2 1.44 0.0345251
1.2 1.5 0.0145715
1.2 1.56 -0.0243462
1.2 1.62 -0.0211749
1.2 1.68 0.013797
1.2 1.74 0.0693555
1.2 1.8 0.134518
1.2 1.86 0.198545
1.2 1.92 0.251618
1.2 1.98 0.289141
1.2 2.04 0.311879
1.2 2.1 0.322563
1.2 2.16 0.324255
1.2 2.22 0.32037
1.2 2.28 0.314693
1.2 2.34 0.311409
1.2 2.4 0.315122
1.2 2.46 0.325107
1.2 2.52 0.292278
1.2 2.58 0.209152
1.2 2.64 0.092899
1.2 2.7 0.0274222
1.2 2.76 -0.0303563
1.2 2.82 0.0367005
1.2 2.88 0.36532
1.2 2.94 1.03041
1.2 3 0.982344
1.26 0 0.0351844
1.26 0.06 -0.00066864
1.26 0.12 0.00205379
1.26 0.18 0.0226975
1.26 0.24 0.0403183
1.26 0.3 0.0544115
1.26 0.36 0.0650286
1.26 0.42 0.0721925
1.26 0.48 0.0737865
1.26 0.54 0.070585
1.26 0.6 0.0648211
1.26 0.66 0.057811
1.26 0.72 0.0443215
1.26 0.78 0.0197168
1.26 0.84 -0.00577907
1.26 0.9 -0.00119558
1.26 0.96 0.00128549
1.26 1.02 -0.000410619
1.26 1.08 0.00906454
1.26 1.14 0.0228891
1.26 1.2 0.0257885
1.26 1.26 0.0157734
1.26 1.32 0.00883913
1.26 1.38 0.0158657
1.26 1.44 0.0304675
1.26 1.5 0.00524322
1.26 1.56 -0.0240102
1.26 1.62 -0.0105081
1.26 1.68 0.0345355
1.26 1.74 0.100137
1.26 1.8 0.17556
1.26 1.86 0.250377
1.26 1.92 0.311043
1.26 1.98 0.352393
1.26 2.04 0.374704
1.26 2.1 0.378586
1.26 2.16 0.364999
1.26 2.22 0.335708
1.26 2.28 0.29668
1.26 2.34 0.252946
1.26 2.4 0.209558
1.26 2.46 0.172042
1.26 2.52 0.146427
1.26 2.58 0.128447
1.26 2.64 0.0692259
1.26 2.7 0.00947668
1.26 2.76 -0.0310814
1.26 2.82 0.0290808
1.26 2.88 0.301277
1.26 2.94 0.890432
1.26 3 0.870355
1.32 0 0.0434709
1.32 0.06 8.50002e-05
1.32 0.12 -0.00478375
1.32 0.18 0.0137415
1.32 0.24 0.0320948
1.32 0.3 0.0465181
1.32 0.36 0.0571246
1.32 0.42 0.0640932
1.32 0.48 0.0676721
1.32 0.54 0.0663219
1.32 0.6 0.0606331
1.32 0.66 0.0530117
1.32 0.72 0.0408787
1.32 0.78 0.017968
1.32 0.84 -0.00496728
1.32 0.9 0.000688928
1.32 0.96 -0.000725647
1.32 1.02 0.00299094
1.32 1.08 0.0157419
1.32 1.14 0.0293036
1.32 1.2 0.0334038
1.32 1.26 0.0265353
1.32 1.32 0.0122598
1.32 1.38 0.0114177
1.32 1.44 0.0239405
1.32 1.5 -0.00311309
1.32 1.56 -0.0186423
1.32 1.62 0.00832488
1.32 1.68 0.0668053
1.32 1.74 0.146061
1.32 1.8 0.233128
1.32 1.86 0.304874
1.32 1.92 0.357867
1.32 1.98 0.392385
1.32 2.04 0.409037
1.32 2.1 0.408783
1.32 2.16 0.392957
1.32 2.22 0.36329
1.32 2.28 0.321932
1.32 2.34 0.271483
1.32 2.4 0.215014
1.32 2.46 0.156103
1.32 2.52 0.0988613
1.32 2.58 0.0480811
1.32 2.64 0.0160621
1.32 2.7 0.000320018
1.32 2.76 -0.0216003
1.32 2.82 0.0170099
1.32 2.88 0.227495
1.32 2.94 0.722139
1.32 3 0.744868
1.38 0 0.051226
1.38 0.06 0.00114092
1.38 0.12 -0.0104339
1.38 0.18 0.00334462
1.38 0.24 0.0220663
1.38 0.3 0.0365173
1.38 0.36 0.0468763
1.38 0.42 0.0533918
1.38 0.48 0.0563859
1.38 0.54 0.0562594
1.38 0.6 0.0521844
1.38 0.66 0.0445332
1.38 0.72 0.0345689
1.38 0.78 0.0150646
1.38 0.84 -0.00349159
1.38 0.9 0.000979126
1.38 0.96 -0.000268537
1.38 1.02 0.00933717
1.38 1.08 0.0234926
1.38 1.14 0.0347709
1.38 1.2 0.0379097
1.38 1.26 0.0323113
1.38 1.32 0.0191922
1.38 1.38 0.00796733
1.38 1.44 0.0160589
1.38 1.5 -0.00775151
1.38 1.56 -0.00642221
1.38 1.62 0.0373753
1.38 1.68 0.112903
1.38 1.74 0.197947
1.38 1.8 0.265403
1.38 1.86 0.314668
1.38 1.92 0.346022
1.38 1.98 0.360073
1.38 2.04 0.35778
1.38 2.1 0.340479
1.38 2.16 0.3099
1.38 2.22 0.268193
1.38 2.28 0.217958
1.38 2.34 0.162266
1.38 2.4 0.104695
1.38 2.46 0.049356
1.38 2.52 0.0061328
1.38 2.58 -0.00293314
1.38 2.64 -0.00202189
1.38 2.7 0.00226136
1.38 2.76 -0.00250746
1.38 2.82 0.00926353
1.38 2.88 0.153566
1.38 2.94 0.543547
1.38 3 0.610424
1.44 0 0.0580942
1.44 0.06 0.00219497
1.44 0.12 -0.015146
1.44 0.18 -0.00698333
1.44 0.24 0.0111607
1.44 0.3 0.0254025
1.44 0.36 0.0353468
1.44 0.42 0.0413157
1.44 0.48 0.04371
1.44 0.54 0.0430137
1.44 0.6 0.0397992
1.44 0.66 0.0338388
1.44 0.72 0.0254977
1.44 0.78 0.0112182
1.44 0.84 -0.00108739
1.44 0.9 -0.000754493
1.44 0.96 0.00462207
1.44 1.02 0.0182456
1.44 1.08 0.0322406
1.44 1.14 0.0396978
1.44 1.2 0.0394218
1.44 1.26 0.0332616
1.44 1.32 0.0221672
1.44 1.38 0.00776496
1.44 1.44 0.00814239
1.44 1.5 -0.00685184
1.44 1.56 0.0147012
1.44 1.62 0.0783182
1.44 1.68 0.143706
1.44 1.74 0.1915
1.44 1.8 0.221667
1.44 1.86 0.234486
1.44 1.92 0.230563
1.44 1.98 0.210862
1.44 2.04 0.176714
1.44 2.1 0.129852
1.44 2.16 0.0736432
1.44 2.22 0.0248461
1.44 2.28 -0.00879391
1.44 2.34 -0.0224895
1.44 2.4 -0.0109181
1.44 2.46 0.0101426
1.44 2.52 -0.000672154
1.44 2.58 -0.00506637
1.44 2.64 0.0159639
1.44 2.7 0.0127947
1.44 2.76 0.0297445
1.44 2.82 0.0154321
1.44 2.88 0.0899433
1.44 2.94 0.372572
1.44 3 0.47254
1.5 0 0.0637713
1.5 0.06 0.00299778
1.5 0.12 -0.0191115
1.5 0.18 -0.0155492
1.5 0.24 0.000371299
1.5 0.3 0.0142367
1.5 0.36 0.0236727
1.5 0.42 0.0290802
1.5 0.48 0.0309431
1.5 0.54 0.0298338
1.5 0.6 0.0264187
1.5 0.66 0.021464
1.5 0.72 0.0152552
1.5 0.78 0.00675282
1.5 0.84 0.000215041
1.5 0.9 0.00155597
1.5 0.96 0.0135865
1.5 1.02 0.0268856
1.5 1.08 0.0349686
1.5 1.14 0.0379174
1.5 1.2 0.0359848
1.5 1.26 0.0296055
1.5 1.32 0.019407
1.5 1.38 0.00844014
1.5 1.44 0.00173559
1.5 1.5 0.00163714
1.5 1.56 0.0394846
1.5 1.62 0.0692762
1.5 1.68 0.0820378
1.5 1.74 0.0777354
1.5 1.8 0.0566165
1.5 1.86 0.0278485
1.5 1.92 -0.000160564
1.5 1.98 -0.0248662
1.5 2.04 -0.0433275
1.5 2.1 -0.0521825
1.5 2.16 -0.0476226
1.5 2.22 -0.0253642
1.5 2.28 0.00786589
1.5 2.34 0.0219089
1.5 2.4 0.00593502
1.5 2.46 -0.0182107
1.5 2.52 -0.000902105
1.5 2.58 0.0450376
1.5 2.64 -0.00383231
1.5 2.7 0.0275347
1.5 2.76 0.0378904
1.5 2.82 0.0459708
1.5 2.88 0.048001
1.5 2.94 0.221563
1.5 3 0.337768
1.56 0 0.0680079
1.56 0.06 0.00335804
1.56 0.12 -0.0224597
1.56 0.18 -0.0223728
1.56 0.24 -0.00923877
1.56 0.3 0.00415659
1.56 0.36 0.0130695
1.56 0.42 0.0179839
1.56 0.48 0.0194721
1.56 0.54 0.0182006
1.56 0.6 0.0149354
1.56 0.66 0.0105486
1.56 0.72 0.00602455
1.56 0.78 0.00211188
1.56 0.84 9.82814e-05
1.56 0.9 0.00743651
1.56 0.96 0.013769
1.56 1.02 0.0174842
1.56 1.08 0.0186641
1.56 1.14 0.0175615
1.56 1.2 0.014611
1.56 1.26 0.0104404
1.56 1.32 0.00588195
1.56 1.38 0.00198583
1.56 1.44 3.30732e-05
1.56 1.5 -0.00212832
1.56 1.56 -0.00853277
1.56 1.62 -0.0182928
1.56 1.68 -0.0302318
1.56 1.74 -0.0428612
1.56 1.8 -0.0543616
1.56 1.86 -0.0625616
1.56 1.92 -0.0649169
1.56 1.98 -0.0584865
1.56 2.04 -0.0399085
1.56 2.1 -0.00809994
1.56 2.16 0.0190988
1.56 2.22 0.0297177
1.56 2.28 0.0129388
1.56 2.34 -0.0218214
1.56 2.4 -0.0237469
1.56 2.46 0.00994299
1.56 2.52 0.0726203
1.56 2.58 0.0548089
1.56 2.64 0.0493933
1.56 2.7 0.0423225
1.56 2.76 0.0207328
1.56 2.82 0.0703841
1.56 2.88 0.0400874
1.56 2.94 0.103903
1.56 3 0.213759
1.62 0 0.0706126
1.62 0.06 0.0031462
1.62 0.12 -0.0252549
1.62 0.18 -0.0274484
1.62 0.24 -0.0162181
1.62 0.3 -0.00362247
1.62 0.36 0.00483571
1.62 0.42 0.00941376
1.62 0.48 0.0107787
1.62 0.54 0.00971574
1.62 0.6 0.0070674
1.62 0.66 0.00381223
1.62 0.72 0.00104819
1.62 0.78 1.77636e-15
1.62 0.84 -0.00315307
1.62 0.9 -0.00758461
1.62 0.96 -0.0117434
1.62 1.02 -0.0155213
1.62 1.08 -0.0186389
1.62 1.14 -0.0206352
1.62 1.2 -0.0208562
1.62 1.26 -0.018443
1.62 1.32 -0.0123192
1.62 1.38 -0.00180615
1.62 1.44 0.000457914
1.62 1.5 0.00244917
1.62 1.56 -0.00388325
1.62 1.62 -0.013024
1.62 1.68 -0.0231905
1.62 1.74 -0.0322693
1.62 1.8 -0.0377951
1.62 1.86 -0.0369296
1.62 1.92 -0.0264376
1.62 1.98 -0.00241789
1.62 2.04 0.0210615
1.62 2.1 0.0316835
1.62 2.16 0.0180947
1.62 2.22 -0.0194712
1.62 2.28 -0.0333322
1.62 2.34 -0.0178088
1.62 2.4 0.026941
1.62 2.46 0.0986491
1.62 2.52 0.112913
1.62 2.58 0.00686745
1.62 2.64 0.172015
1.62 2.7 0.0538644
1.62 2.76 -0.0134543
1.62 2.82 0.0654898
1.62 2.88 0.0589008
1.62 2.94 0.0340756
1.62 3 0.10933
1.68 0 0.071456
1.68 0.06 0.00229821
1.68 0.12 -0.0274914
1.68 0.18 -0.0306967
1.68 0.24 -0.020023
1.68 0.3 -0.00783412
1.68 0.36 0.000115354
1.68 0.42 0.00433786
1.68 0.48 0.00559361
1.68 0.54 0.0047487
1.68 0.6 0.0027817
1.68 0.66 0.000790555
1.68 0.72 -3.55271e-15
1.68 0.78 0.00880836
1.68 0.84 -0.00644471
1.68 0.9 -0.0228698
1.68 0.96 -0.033325
1.68 1.02 -0.0402512
1.68 1.08 -0.0431875
1.68 1.14 -0.0414799
1.68 1.2 -0.0342695
1.68 1.26 -0.0204798
1.68 1.32 -0.00355381
1.68 1.38 -0.00112758
1.68 1.44 0.00466713
1.68 1.5 0.0086519
1.68 1.56 0.00420353
1.68 1.62 -0.00477831
1.68 1.68 -0.0131302
1.68 1.74 -0.018387
1.68 1.8 -0.0177101
1.68 1.86 -0.00786466
1.68 1.92 0.0129718
1.68 1.98 0.0264888
1.68 2.04 0.0195174
1.68 2.1 -0.0140923
1.68 2.16 -0.0332307
1.68 2.22 -0.028575
1.68 2.28 -0.000924116
1.68 2.34 0.049564
1.68 2.4 0.123061
1.68 2.46 0.159897
1.68 2.52 0.0992441
1.68 2.58 -0.00568493
1.68 2.64 0.281305
1.68 2.7 0.0597844
1.68 2.76 -0.0499817
1.68 2.82 0.0420657
1.68 2.88 0.0528821
1.68 2.94 0.0231225
1.68 3 0.0345416
1.74 0 0.070474
1.74 0.06 0.000819601
1.74 0.12 -0.0290899
1.74 0.18 -0.0319598
1.74 0.24 -0.0204581
1.74 0.3 -0.00915944
1.74 0.36 -0.00210297
1.74 0.42 0.00147148
1.74 0.48 0.00243
1.74 0.54 0.00175117
1.74 0.6 0.000532922
1.74 0.66 -3.55271e-15
1.74 0.72 0.0108168
1.74 0.78 0.0250051
1.74 0.84 -0.000913811
1.74 0.9 -0.0302101
1.74 0.96 -0.0468978
1.74 1.02 -0.0537926
1.74 1.08 -0.0530634
1.74 1.14 -0.0439628
1.74 1.2 -0.0254065
1.74 1.26 -0.00615956
1.74 1.32 0.000325592
1.74 1.38 -0.000137445
1.74 1.44 0.01013
1.74 1.5 0.0140915
1.74 1.56 0.0108747
1.74 1.62 0.00217341
1.74 1.68 -0.00595646
1.74 1.74 -0.00861049
1.74 1.8 -0.00255378
1.74 1.86 0.0133514
1.74 1.92 0.0158893
1.74 1.98 -0.00801352
1.74 2.04 -0.0263746
1.74 2.1 -0.0259286
1.74 2.16 -0.00807783
1.74 2.22 0.0263791
1.74 2.28 0.0772841
1.74 2.34 0.145792
1.74 2.4 0.1957
1.74 2.46 0.170825
1.74 2.52 0.0378863
1.74 2.58 0.065345
1.74 2.64 0.362397
1.74 2.7 0.0586819
1.74 2.76 -0.0751622
1.74 2.82 0.0114952
1.74 2.88 0.0312348
1.74 2.94 0.0116667
1.74 3 0.000766262
1.8 0 0.0676721
1.8 0.06 -0.0012102
1.8 0.12 -0.0298924
1.8 0.18 -0.0309966
1.8 0.24 -0.0184342
1.8 0.3 -0.0085438
1.8 0.36 -0.00265065
1.8 0.42 0.000111305
1.8 0.48 0.000720635
1.8 0.54 0.000275288
1.8 0.6 0
1.8 0.66 0.0108578
1.8 0.72 0.0378386
1.8 0.78 0.0442859
1.8 0.84 0.0109143
1.8 0.9 -0.0304515
1.8 0.96 -0.0524563
1.8 1.02 -0.0585338
1.8 1.08 -0.0508237
1.8 1.14 -0.0310286
1.8 1.2 -0.00995996
1.8 1.26 0.000837003
1.8 1.32 -0.00249173
1.8 1.38 0.00466192
1.8 1.44 0.0149576
1.8 1.5 0.0173047
1.8 1.56 0.0135184
1.8 1.62 0.00650669
1.8 1.68 -0.00149419
1.8 1.74 -0.00236838
1.8 1.8 0.00642824
1.8 1.86 -0.00299553
1.8 1.92 -0.0150927
1.8 1.98 -0.0128017
1.8 2.04 0.00190703
1.8 2.1 0.0276315
1.8 2.16 0.063573
1.8 2.22 0.109573
1.8 2.28 0.16678
1.8 2.34 0.220258
1.8 2.4 0.22166
1.8 2.46 0.137705
1.8 2.52 -0.0240944
1.8 2.58 0.17975
1.8 2.64 0.414073
1.8 2.7 0.0501916
1.8 2.76 -0.0894224
1.8 2.82 -0.0107144
1.8 2.88 0.0148478
1.8 2.94 0.00381385
1.8 3 0.0297829
1.86 0 0.0631298
1.86 0.06 -0.00363333
1.86 0.12 -0.0296579
1.86 0.18 -0.0274774
1.86 0.24 -0.0149846
1.86 0.3 -0.00677279
1.86 0.36 -0.00220739
1.86 0.42 -0.000309898
1.86 0.48 1.76553e-05
1.86 0.54 -1.77636e-15
1.86 0.6 0.0108988
1.86 0.66 0.0383831
1.86 0.72 0.0669951
1.86 0.78 0.0640444
1.86 0.84 0.0258571
1.86 0.9 -0.0257647
1.86 0.96 -0.0519872
1.86 1.02 -0.0551323
1.86 1.08 -0.0381312
1.86 1.14 -0.0152916
1.86 1.2 -0.000233615
1.86 1.26 -0.00258424
1.86 1.32 0.000742915
1.86 1.38 0.0104554
1.86 1.44 0.017573
1.86 1.5 0.0170455
1.86 1.56 0.0117811
1.86 1.62 0.00506124
1.86 1.68 0.00056381
1.86 1.74 -0.000263837
1.86 1.8 -0.00114564
1.86 1.86 0.00847688
1.86 1.92 0.0260983
1.86 1.98 0.0497484
1.86 2.04 0.0780251
1.86 2.1 0.11013
1.86 2.16 0.145904
1.86 2.22 0.185962
1.86 2.28 0.233508
1.86 2.34 0.251685
1.86 2.4 0.207212
1.86 2.46 0.0676713
1.86 2.52 0.000160565
1.86 2.58 0.299236
1.86 2.64 0.436155
1.86 2.7 0.0350473
1.86 2.76 -0.0908609
1.86 2.82 -0.00496124
1.86 2.88 0.0137438
1.86 2.94 -0.00172388
1.86 3 0.131545
1.92 0 0.0570049
1.92 0.06 -0.00620862
1.92 0.12 -0.0280566
1.92 0.18 -0.0214255
1.92 0.24 -0.0108949
1.92 0.3 -0.00452609
1.92 0.36 -0.00134043
1.92 0.42 -0.000239978
1.92 0.48 -1.77636e-15
1.92 0.54 0.0109398
1.92 0.6 0.0385472
1.92 0.66 0.0732303
1.92 0.72 0.0928528
1.92 0.78 0.0818455
1.92 0.84 0.040344
1.92 0.9 -0.0180502
1.92 0.96 -0.0471863
1.92 1.02 -0.0458771
1.92 1.08 -0.022491
1.92 1.14 -0.00322283
1.92 1.2 -0.000436112
1.92 1.26 -0.00178772
1.92 1.32 0.00709099
1.92 1.38 0.0154615
1.92 1.44 0.0178563
1.92 1.5 0.013961
1.92 1.56 0.00701249
1.92 1.62 0.000644056
1.92 1.68 0.00399313
1.92 1.74 0.0128038
1.92 1.8 0.0412652
1.92 1.86 0.0714882
1.92 1.92 0.102086
1.92 1.98 0.131711
1.92 2.04 0.159617
1.92 2.1 0.185699
1.92 2.16 0.210533
1.92 2.22 0.235417
1.92 2.28 0.260836
1.92 2.34 0.246344
1.92 2.4 0.159491
1.92 2.46 -0.0188763
1.92 2.52 0.0767374
1.92 2.58 0.379659
1.92 2.64 0.429562
1.92 2.7 0.0151505
1.92 2.76 -0.076337
1.92 2.82 0.00603252
1.92 2.88 0.00805394
1.92 2.94 0.0886538
1.92 3 0.285152
1.98 0 0.0495385
1.98 0.06 -0.00860644
1.98 0.12 -0.024665
1.98 0.18 -0.015017
1.98 0.24 -0.00684479
1.98 0.3 -0.00237096
1.98 0.36 -0.000497611
1.98 0.42 -1.77636e-15
1.98 0.48 0.0109809
1.98 0.54 0.0387113
1.98 0.6 0.0735669
1.98 0.66 0.10463
1.98 0.72 0.112977
1.98 0.78 0.095436
1.98 0.84 0.0523364
1.98 0.9 -0.00900369
1.98 0.96 -0.0395317
1.98 1.02 -0.0318948
1.98 1.08 -0.0084672
1.98 1.14 0.00113993
1.98 1.2 -0.00295113
1.98 1.26 0.00470949
1.98 1.32 0.0156438
1.98 1.38 0.0187051
1.98 1.44 0.013667
1.98 1.5 0.00376613
1.98 1.56 -0.00246232
1.98 1.62 0.0165098
1.98 1.68 0.0140506
1.98 1.74 -0.000428187
1.98 1.8 0.0629928
1.98 1.86 0.110467
1.98 1.92 0.150004
1.98 1.98 0.182455
1.98 2.04 0.207714
1.98 2.1 0.226358
1.98 2.16 0.239684
1.98 2.22 0.249758
1.98 2.28 0.255038
1.98 2.34 0.211371
1.98 2.4 0.0865525
1.98 2.46 -0.0284717
1.98 2.52 0.167439
1.98 2.58 0.409919
1.98 2.64 0.396381
1.98 2.7 -0.00635823
1.98 2.76 -0.0412668
1.98 2.82 0.0119575
1.98 2.88 -0.00178228
1.98 2.94 0.320385
1.98 3 0.470845
2.04 0 0.0410604
2.04 0.06 -0.0104032
2.04 0.12 -0.0189599
2.04 0.18 -0.00916349
2.04 0.24 -0.0034015
2.04 0.3 -0.000755244
2.04 0.36 -1.77636e-15
2.04 0.42 0.0110219
2.04 0.48 0.0388754
2.04 0.54 0.0739361
2.04 0.6 0.106741
2.04 0.66 0.126519
2.04 0.72 0.125113
2.04 0.78 0.102755
2.04 0.84 0.0599789
2.04 0.9 -0.000103365
2.04 0.96 -0.0302705
2.04 1.02 -0.0163033
2.04 1.08 -9.75219e-05
2.04 1.14 -0.00276845
2.04 1.2 0.00282181
2.04 1.26 0.0144707
2.04 1.32 0.0157997
2.04 1.38 0.00721969
2.04 1.44 -0.00485282
2.04 1.5 0.0052942
2.04 1.56 0.0351407
2.04 1.62 0.0593024
2.04 1.68 0.0174392
2.04 1.74 -0.0193842
2.04 1.8 0.0505729
2.04 1.86 0.120543
2.04 1.92 0.169516
2.04 1.98 0.203181
2.04 2.04 0.224863
2.04 2.1 0.23586
2.04 2.16 0.238236
2.04 2.22 0.234872
2.04 2.28 0.223248
2.04 2.34 0.154821
2.04 2.4 -0.00209639
2.04 2.46 0.0242368
2.04 2.52 0.238177
2.04 2.58 0.392102
2.04 2.64 0.339939
2.04 2.7 -0.0250218
2.04 2.76 -0.0114829
2.04 2.82 0.00398832
2.04 2.88 0.0801982
2.04 2.94 0.647534
2.04 3 0.670641
2.1 0 0.0319941
2.1 0.06 -0.0110758
2.1 0.12 -0.0114822
2.1 0.18 -0.00443203
2.1 0.24 -0.00101288
2.1 0.3 -1.77636e-15
2.1 0.36 0.0110629
2.1 0.42 0.0390395
2.1 0.48 0.0743054
2.1 0.54 0.107397
2.1 0.6 0.129741
2.1 0.66 0.136644
2.1 0.72 0.127202
2.1 0.78 0.101948
2.1 0.84 0.0616334
2.1 0.9 0.00740366
2.1 0.96 -0.0204045
2.1 1.02 -0.00431408
2.1 1.08 -0.00126082
2.1 1.14 0.00140682
2.1 1.2 0.0116538
2.1 1.26 0.00885138
2.1 1.32 -0.00416354
2.1 1.38 0.000743813
2.1 1.44 0.0255823
2.1 1.5 0.0620559
2.1 1.56 0.097642
2.1 1.62 0.0870267
2.1 1.68 0.0148949
2.1 1.74 -0.0353158
2.1 1.8 0.0195705
2.1 1.86 0.101681
2.1 1.92 0.160323
2.1 1.98 0.19799
2.1 2.04 0.215886
2.1 2.1 0.219794
2.1 2.16 0.212593
2.1 2.22 0.198028
2.1 2.28 0.173522
2.1 2.34 0.0857231
2.1 2.4 -0.0315824
2.1 2.46 0.102152
2.1 2.52 0.266503
2.1 2.58 0.330314
2.1 2.64 0.264878
2.1 2.7 -0.0349858
2.1 2.76 0.00392403
2.1 2.82 -0.00534991
2.1 2.88 0.239927
2.1 2.94 1.02489
2.1 3 0.868443
2.16 0 0.0228627
2.16 0.06 -0.00999482
2.16 0.12 -0.00546256
2.16 0.18 -0.00127051
2.16 0.24 3.55271e-15
2.16 0.3 0.011104
2.16 0.36 0.0392037
2.16 0.42 0.0746746
2.16 0.48 0.10808
2.16 0.54 0.129751
2.16 0.6 0.137846
2.16 0.66 0.133209
2.16 0.72 0.117388
2.16 0.78 0.0913769
2.16 0.84 0.055893
2.16 0.9 0.012164
2.16 0.96 -0.0106751
2.16 1.02 0.000311758
2.16 1.08 0.00044338
2.16 1.14 0.00690426
2.16 1.2 -0.00215424
2.16 1.26 0.000677953
2.16 1.32 0.0240938
2.16 1.38 0.0593765
2.16 1.44 0.0982301
2.16 1.5 0.133187
2.16 1.56 0.139582
2.16 1.62 0.100308
2.16 1.68 0.00744505
2.16 1.74 -0.0466919
2.16 1.8 -0.00478001
2.16 1.86 0.0738023
2.16 1.92 0.131472
2.16 1.98 0.167469
2.16 2.04 0.186373
2.16 2.1 0.184565
2.16 2.16 0.170025
2.16 2.22 0.147415
2.16 2.28 0.114888
2.16 2.34 0.0141419
2.16 2.4 0.0123169
2.16 2.46 0.162988
2.16 2.52 0.24174
2.16 2.58 0.245291
2.16 2.64 0.177239
2.16 2.7 -0.0289117
2.16 2.76 -0.00503945
2.16 2.82 0.0400557
2.16 2.88 0.433246
2.16 2.94 1.37181
2.16 3 1.05016
2.22 0 0.0142956
2.22 0.06 -0.0064188
2.22 0.12 -0.00152814
2.22 0.18 3.55271e-15
2.22 0.24 0.011145
2.22 0.3 0.0393678
2.22 0.36 0.0749186
2.22 0.42 0.103601
2.22 0.48 0.121061
2.22 0.54 0.127948
2.22 0.6 0.125104
2.22 0.66 0.113577
2.22 0.72 0.0946303
2.22 0.78 0.0697608
2.22 0.84 0.0415962
2.22 0.9 0.0114078
2.22 0.96 -0.00193641
2.22 1.02 -5.28299e-06
2.22 1.08 -0.000188272
2.22 1.14 0.00333684
2.22 1.2 0.0284946
2.22 1.26 0.0661718
2.22 1.32 0.107652
2.22 1.38 0.144638
2.22 1.44 0.170056
2.22 1.5 0.179221
2.22 1.56 0.158569
2.22 1.62 0.100419
2.22 1.68 -0.00213646
2.22 1.74 -0.0513781
2.22 1.8 -0.0133495
2.22 1.86 0.0530291
2.22 1.92 0.105896
2.22 1.98 0.130699
2.22 2.04 0.138694
2.22 2.1 0.137442
2.22 2.16 0.118718
2.22 2.22 0.0921938
2.22 2.28 0.0574117
2.22 2.34 -0.019103
2.22 2.4 0.0817629
2.22 2.46 0.157723
2.22 2.52 0.176024
2.22 2.58 0.147151
2.22 2.64 0.0845452
2.22 2.7 -0.00426928
2.22 2.76 -0.0208587
2.22 2.82 0.101381
2.22 2.88 0.617886
2.22 2.94 1.65415
2.22 3 1.20382
2.28 0 0.0070343
2.28 0.06 -0.00178578
2.28 0.12 1.77636e-15
2.28 0.18 0.011186
2.28 0.24 0.0394329
2.28 0.3 0.066706
2.28 0.36 0.085291
2.28 0.42 0.0956557
2.28 0.48 0.0984493
2.28 0.54 0.0945142
2.28 0.6 0.0848977
2.28 0.66 0.0708644
2.28 0.72 0.0539101
2.28 0.78 0.0357759
2.28 0.84 0.0184634
2.28 0.9 0.00434589
2.28 0.96 3.28753e-05
2.28 1.02 0.00735713
2.28 1.08 0.0370727
2.28 1.14 0.0778907
2.28 1.2 0.121232
2.28 1.26 0.161373
2.28 1.32 0.193008
2.28 1.38 0.211282
2.28 1.44 0.211812
2.28 1.5 0.193793
2.28 1.56 0.155875
2.28 1.62 0.0891965
2.28 1.68 -0.0111788
2.28 1.74 -0.0465992
2.28 1.8 -0.00284784
2.28 1.86 0.0627932
2.28 1.92 0.103869
2.28 1.98 0.112564
2.28 2.04 0.102407
2.28 2.1 0.0837676
2.28 2.16 0.0678352
2.28 2.22 0.0425629
2.28 2.28 0.0122567
2.28 2.34 0.0264513
2.28 2.4 0.0818881
2.28 2.46 0.0972076
2.28 2.52 0.0828944
2.28 2.58 0.0509167
2.28 2.64 0.0148189
2.28 2.7 -0.0115961
2.28 2.76 -0.0384289
2.28 2.82 0.136356
2.28 2.88 0.753578
2.28 2.94 1.85995
2.28 3 1.31971
2.34 0 0.00193983
2.34 0.06 0
2.34 0.12 0.0112105
2.34 0.18 0.0284816
2.34 0.24 0.0397702
2.34 0.3 0.045373
2.34 0.36 0.0457575
2.34 0.42 0.0415732
2.34 0.48 0.0336622
2.34 0.54 0.0230719
2.34 0.6 0.0111626
2.34 0.66 0.000525716
2.34 0.72 -0.00687623
2.34 0.78 -0.00897547
2.34 0.84 -0.00337076
2.34 0.9 0.00200741
2.34 0.96 -0.00570098
2.34 1.02 -0.00172929
2.34 1.08 0.0339029
2.34 1.14 0.0807285
2.34 1.2 0.126941
2.34 1.26 0.167237
2.34 1.32 0.196759
2.34 1.38 0.211126
2.34 1.44 0.206458
2.34 1.5 0.179414
2.34 1.56 0.133338
2.34 1.62 0.0690848
2.34 1.68 -0.0169069
2.34 1.74 -0.0288999
2.34 1.8 0.0316462
2.34 1.86 0.0893744
2.34 1.92 0.115909
2.34 1.98 0.116363
2.34 2.04 0.0967669
2.34 2.1 0.0641266
2.34 2.16 0.0271761
2.34 2.22 0.00981928
2.34 2.28 0.000677634
2.34 2.34 0.0178588
2.34 2.4 0.0124642
2.34 2.46 -0.00703555
2.34 2.52 -0.0270865
2.34 2.58 -0.0314342
2.34 2.64 -0.00203089
2.34 2.7 0.00303585
2.34 2.76 -0.0812485
2.34 2.82 0.107833
2.34 2.88 0.802181
2.34 2.94 1.97949
2.34 3 1.39054
2.4 0 0
2.4 0.06 -0.00111191
2.4 0.12 -0.00418523
2.4 0.18 -0.00901845
2.4 0.24 -0.0152489
2.4 0.3 -0.0223426
2.4 0.36 -0.0295842
2.4 0.42 -0.036065
2.4 0.48 -0.0406718
2.4 0.54 -0.0420735
2.4 0.6 -0.0387081
2.4 0.66 -0.0287684
2.4 0.72 -0.0109944
2.4 0.78 -9.97112e-05
2.4 0.84 0.00718802
2.4 0.9 0.0385067
2.4 0.96 0.00676026
2.4 1.02 -0.0377159
2.4 1.08 -0.0454545
2.4 1.14 -0.0285284
2.4 1.2 0.00569356
2.4 1.26 0.0508949
2.4 1.32 0.0978527
2.4 1.38 0.129228
2.4 1.44 0.140814
2.4 1.5 0.129836
2.4 1.56 0.0941232
2.4 1.62 0.0431668
2.4 1.68 -0.0158653
2.4 1.74 0.00627365
2.4 1.8 0.0583343
2.4 1.86 0.0820842
2.4 1.92 0.082636
2.4 1.98 0.0660205
2.4 2.04 0.0392437
2.4 2.1 0.0103467
2.4 2.16 -0.0105206
2.4 2.22 -0.000989355
2.4 2.28 -0.0310833
2.4 2.34 -0.0704166
2.4 2.4 -0.101884
2.4 2.46 -0.113316
2.4 2.52 -0.0909665
2.4 2.58 -0.0164927
2.4 2.64 0.0253707
2.4 2.7 0.211281
2.4 2.76 -0.0129667
2.4 2.82 0.077578
2.4 2.88 0.766343
2.4 2.94 2.00548
2.4 3 1.41153
2.46 0 0.000624591
2.46 0.06 -0.0142575
2.46 0.12 -0.0300081
2.46 0.18 -0.0441197
2.46 0.24 -0.0557554
2.46 0.3 -0.0641996
2.46 0.36 -0.0685437
2.46 0.42 -0.0676744
2.46 0.48 -0.0602608
2.46 0.54 -0.0447407
2.46 0.6 -0.021759
2.46 0.66 -0.00426696
2.46 0.72 -0.000165566
2.46 0.78 0.0159345
2.46 0.84 0.0637729
2.46 0.9 0.0914219
2.46 0.96 0.0419146
2.46 1.02 -0.0422041
2.46 1.08 -0.0855572
2.46 1.14 -0.0981273
2.46 1.2 -0.0916336
2.46 1.26 -0.0725543
2.46 1.32 -0.0462274
2.46 1.38 -0.0174559
2.46 1.44 0.0095255
2.46 1.5 0.0310853
2.46 1.56 0.035367
2.46 1.62 0.015206
2.46 1.68 -0.00387645
2.46 1.74 0.0190411
2.46 1.8 0.017686
2.46 1.86 -0.00402145
2.46 1.92 -0.0272744
2.46 1.98 -0.0419671
2.46 2.04 -0.0427024
2.46 2.1 -0.0229838
2.46 2.16 0.0248528
2.46 2.22 0.0667257
2.46 2.28 -0.0749006
2.46 2.34 -0.159763
2.46 2.4 -0.179976
2.46 2.46 -0.14833
2.46 2.52 -0.0446053
2.46 2.58 -0.0061028
2.46 2.64 0.162966
2.46 2.7 0.484191
2.46 2.76 0.227927
2.46 2.82 0.0961858
2.46 2.88 0.661269
2.46 2.94 1.93313
2.46 3 1.38063
2.52 0 0.00199715
2.52 0.06 -0.0220051
2.52 0.12 -0.0431164
2.52 0.18 -0.0602775
2.52 0.24 -0.0720134
2.52 0.3 -0.0760684
2.52 0.36 -0.0715706
2.52 0.42 -0.0571462
2.52 0.48 -0.0343774
2.52 0.54 -0.0130333
2.52 0.6 -0.000324217
2.52 0.66 0.000411818
2.52 0.72 0.028595
2.52 0.78 0.0848235
2.52 0.84 0.146992
2.52 0.9 0.151509
2.52 0.96 0.0866359
2.52 1.02 -0.0266944
2.52 1.08 -0.0978766
2.52 1.14 -0.131586
2.52 1.2 -0.138633
2.52 1.26 -0.130323
2.52 1.32 -0.11212
2.52 1.38 -0.0882594
2.52 1.44 -0.0623717
2.52 1.5 -0.0374479
2.52 1.56 -0.0157987
2.52 1.62 -0.000762362
2.52 1.68 0.0117754
2.52 1.74 0.0137721
2.52 1.8 0.00804686
2.52 1.86 0.00294525
2.52 1.92 0.00282911
2.52 1.98 0.0130957
2.52 2.04 0.0402414
2.52 2.1 0.0919303
2.52 2.16 0.168488
2.52 2.22 0.130636
2.52 2.28 -0.0998595
2.52 2.34 -0.222339
2.52 2.4 -0.209988
2.52 2.46 -0.0914674
2.52 2.52 0.00801331
2.52 2.58 0.0318583
2.52 2.64 0.381298
2.52 2.7 0.78216
2.52 2.76 0.634418
2.52 2.82 0.205974
2.52 2.88 0.52857
2.52 2.94 1.76041
2.52 3 1.29864
2.58 0 0.00348104
2.58 0.06 -0.0268737
2.58 0.12 -0.0503026
2.58 0.18 -0.0655645
2.58 0.24 -0.0712254
2.58 0.3 -0.0656462
2.58 0.36 -0.0472855
2.58 0.42 -0.0251114
2.58 0.48 -0.00660365
2.58 0.54 0.00102774
2.58 0.6 0.00554987
2.58 0.66 0.045518
2.58 0.72 0.109838
2.58 0.78 0.183783
2.58 0.84 0.228182
2.58 0.9 0.211527
2.58 0.96 0.133916
2.58 1.02 0.00238892
2.58 1.08 -0.0934843
2.58 1.14 -0.139144
2.58 1.2 -0.151
2.58 1.26 -0.13825
2.58 1.32 -0.111402
2.58 1.38 -0.0757351
2.58 1.44 -0.0408298
2.58 1.5 -0.0135767
2.58 1.56 -0.000144146
2.58 1.62 0.00665892
2.58 1.68 0.0288327
2.58 1.74 0.103742
2.58 1.8 0.177155
2.58 1.86 0.194545
2.58 1.92 0.184004
2.58 1.98 0.184124
2.58 2.04 0.205213
2.58 2.1 0.258624
2.58 2.16 0.289659
2.58 2.22 0.181082
2.58 2.28 -0.112802
2.58 2.34 -0.239746
2.58 2.4 -0.162178
2.58 2.46 -0.0117853
2.58 2.52 -0.0154914
2.58 2.58 0.182275
2.58 2.64 0.643871
2.58 2.7 1.07328
2.58 2.76 1.01294
2.58 2.82 0.451805
2.58 2.88 0.415815
2.58 2.94 1.48811
2.58 3 1.16944
2.64 0 0.0046008
2.64 0.06 -0.0291678
2.64 0.12 -0.0517938
2.64 0.18 -0.0618431
2.64 0.24 -0.0576769
2.64 0.3 -0.0389374
2.64 0.36 -0.0176529
2.64 0.42 -0.00227613
2.64 0.48 -6.68976e-05
2.64 0.54 0.0155969
2.64 0.6 0.0670518
2.64 0.66 0.139166
2.64 0.72 0.217139
2.64 0.78 0.282411
2.64 0.84 0.299832
2.64 0.9 0.264633
2.64 0.96 0.177332
2.64 1.02 0.0390684
2.64 1.08 -0.077883
2.64 1.14 -0.131376
2.64 1.2 -0.137285
2.64 1.26 -0.109033
2.64 1.32 -0.0725231
2.64 1.38 -0.037674
2.64 1.44 -0.0113761
2.64 1.5 -0.000244322
2.64 1.56 0.016376
2.64 1.62 0.0503247
2.64 1.68 0.0799245
2.64 1.74 0.131908
2.64 1.8 0.225904
2.64 1.86 0.331761
2.64 1.92 0.371459
2.64 1.98 0.371528
2.64 2.04 0.361348
2.64 2.1 0.381733
2.64 2.16 0.367026
2.64 2.22 0.213204
2.64 2.28 -0.117009
2.64 2.34 -0.219688
2.64 2.4 -0.0688511
2.64 2.46 0.00860053
2.64 2.52 0.0524827
2.64 2.58 0.408653
2.64 2.64 0.916452
2.64 2.7 1.32806
2.64 2.76 1.31792
2.64 2.82 0.845351
2.64 2.88 0.373442
2.64 2.94 1.12009
2.64 3 1.0001
2.7 0 0.00505211
2.7 0.06 -0.0290099
2.7 0.12 -0.0475196
2.7 0.18 -0.0488381
2.7 0.24 -0.031908
2.7 0.3 -0.0118079
2.7 0.36 0.000143104
2.7 0.42 0.000355835
2.7 0.48 0.0309012
2.7 0.54 0.0935447
2.7 0.6 0.173154
2.7 0.66 0.254929
2.7 0.72 0.324674
2.7 0.78 0.362027
2.7 0.84 0.355097
2.7 0.9 0.304402
2.7 0.96 0.210908
2.7 1.02 0.0760549
2.7 1.08 -0.0560717
2.7 1.14 -0.112746
2.7 1.2 -0.106911
2.7 1.26 -0.0695594
2.7 1.32 -0.0347672
2.7 1.38 -0.00942532
2.7 1.44 -3.20048e-05
2.7 1.5 0.0295791
2.7 1.56 0.088548
2.7 1.62 0.147461
2.7 1.68 0.183519
2.7 1.74 0.213444
2.7 1.8 0.25496
2.7 1.86 0.329297
2.7 1.92 0.428922
2.7 1.98 0.462352
2.7 2.04 0.450879
2.7 2.1 0.430699
2.7 2.16 0.395732
2.7 2.22 0.223724
2.7 2.28 -0.114088
2.7 2.34 -0.161994
2.7 2.4 3.51325e-05
2.7 2.46 -0.0103055
2.7 2.52 0.228138
2.7 2.58 0.676758
2.7 2.64 1.1672
2.7 2.7 1.51952
2.7 2.76 1.52509
2.7 2.82 1.15192
2.7 2.88 0.45494
2.7 2.94 0.731176
2.7 3 0.801183
2.76 0 0.00471237
2.76 0.06 -0.0263296
2.76 0.12 -0.0372047
2.76 0.18 -0.0260036
2.76 0.24 -0.00738251
2.76 0.3 0.00084794
2.76 0.36 0.0066824
2.76 0.42 0.0518112
2.76 0.48 0.125345
2.76 0.54 0.212152
2.76 0.6 0.297431
2.76 0.66 0.366733
2.76 0.72 0.40859
2.76 0.78 0.415787
2.76 0.84 0.387555
2.76 0.9 0.32486
2.76 0.96 0.229142
2.76 1.02 0.102346
2.76 1.08 -0.0325141
2.76 1.14 -0.0871496
2.76 1.2 -0.0668224
2.76 1.26 -0.0320878
2.76 1.32 -0.0077027
2.76 1.38 0.0012852
2.76 1.44 0.0467289
2.76 1.5 0.13356
2.76 1.56 0.232364
2.76 1.62 0.314647
2.76 1.68 0.357061
2.76 1.74 0.36683
2.76 1.8 0.358868
2.76 1.86 0.355573
2.76 1.92 0.380579
2.76 1.98 0.444627
2.76 2.04 0.453444
2.76 2.1 0.417681
2.76 2.16 0.372495
2.76 2.22 0.211032
2.76 2.28 -0.103872
2.76 2.34 -0.0643149
2.76 2.4 -0.0083163
2.76 2.46 0.1001
2.76 2.52 0.47724
2.76 2.58 0.954754
2.76 2.64 1.36684
2.76 2.7 1.62341
2.76 2.76 1.61307
2.76 2.82 1.31072
2.76 2.88 0.694629
2.76 2.94 0.420777
2.76 3 0.586858
2.82 0 0.00365192
2.82 0.06 -0.0208517
2.82 0.12 -0.0203565
2.82 0.18 -0.00418291
2.82 0.24 2.87319e-06
2.82 0.3 0.0192611
2.82 0.36 0.078675
2.82 0.42 0.162801
2.82 0.48 0.256507
2.82 0.54 0.344979
2.82 0.6 0.411007
2.82 0.66 0.448917
2.82 0.72 0.457767
2.82 0.78 0.437267
2.82 0.84 0.391229
2.82 0.9 0.320504
2.82 0.96 0.227036
2.82 1.02 0.113306
2.82 1.08 -0.0111059
2.82 1.14 -0.0578794
2.82 1.2 -0.0296143
2.82 1.26 -0.00618672
2.82 1.32 0.00416807
2.82 1.38 0.0682863
2.82 1.44 0.185821
2.82 1.5 0.327359
2.82 1.56 0.464404
2.82 1.62 0.569436
2.82 1.68 0.619031
2.82 1.74 0.611645
2.82 1.8 0.558375
2.82 1.86 0.482856
2.82 1.92 0.410041
2.82 1.98 0.366278
2.82 2.04 0.375962
2.82 2.1 0.353358
2.82 2.16 0.295707
2.82 2.22 0.175297
2.82 2.28 -0.084304
2.82 2.34 -0.000455131
2.82 2.4 0.0223114
2.82 2.46 0.315671
2.82 2.52 0.767952
2.82 2.58 1.21966
2.82 2.64 1.51988
2.82 2.7 1.62978
2.82 2.76 1.56353
2.82 2.82 1.30666
2.82 2.88 0.829464
2.82 2.94 0.251279
2.82 3 0.375189
2.88 0 0.002146
2.88 0.06 -0.0120835
2.88 0.12 -0.00201521
2.88 0.18 0.00150204
2.88 0.24 0.0384403
2.88 0.3 0.111841
2.88 0.36 0.206037
2.88 0.42 0.294531
2.88 0.48 0.365709
2.88 0.54 0.417857
2.88 0.6 0.449637
2.88 0.66 0.460106
2.88 0.72 0.448742
2.88 0.78 0.415472
2.88 0.84 0.360695
2.88 0.9 0.286336
2.88 0.96 0.200129
2.88 1.02 0.105042
2.88 1.08 0.00486076
2.88 1.14 -0.0273252
2.88 1.2 -0.00485586
2.88 1.26 0.00907738
2.88 1.32 0.094712
2.88 1.38 0.245793
2.88 1.44 0.432906
2.88 1.5 0.627556
2.88 1.56 0.798392
2.88 1.62 0.913567
2.88 1.68 0.96718
2.88 1.74 0.955337
2.88 1.8 0.875387
2.88 1.86 0.73445
2.88 1.92 0.571935
2.88 1.98 0.415755
2.88 2.04 0.29532
2.88 2.1 0.241711
2.88 2.16 0.195973
2.88 2.22 0.118573
2.88 2.28 -0.0513272
2.88 2.34 -0.00745407
2.88 2.4 0.189825
2.88 2.46 0.606524
2.88 2.52 1.01856
2.88 2.58 1.31245
2.88 2.64 1.47676
2.88 2.7 1.5031
2.88 2.76 1.38632
2.88 2.82 1.12809
2.88 2.88 0.77153
2.88 2.94 0.28093
2.88 3 0.188352
2.94 0 0.000687426
2.94 0.06 -0.000685534
2.94 0.12 0.0102482
2.94 0.18 0.0644968
2.94 0.24 0.133588
2.94 0.3 0.197571
2.94 0.36 0.254049
2.94 0.42 0.30096
2.94 0.48 0.336592
2.94 0.54 0.359604
2.94 0.6 0.369056
2.94 0.66 0.364424
2.94 0.72 0.345636
2.94 0.78 0.31309
2.94 0.84 0.267691
2.94 0.9 0.210878
2.94 0.96 0.144658
2.94 1.02 0.0742619
2.94 1.08 0.0113983
2.94 1.14 -0.00368856
2.94 1.2 0.0164739
2.94 1.26 0.126467
2.94 1.32 0.312852
2.94 1.38 0.50992
2.94 1.44 0.687776
2.94 1.5 0.839224
2.94 1.56 0.958107
2.94 1.62 1.03936
2.94 1.68 1.0791
2.94 1.74 1.07467
2.94 1.8 1.02473
2.94 1.86 0.929349
2.94 1.92 0.790063
2.94 1.98 0.609996
2.94 2.04 0.393942
2.94 2.1 0.20189
2.94 2.16 0.0937675
2.94 2.22 0.0449207
2.94 2.28 -0.00244043
2.94 2.34 0.0974738
2.94 2.4 0.401784
2.94 2.46 0.671272
2.94 2.52 0.883351
2.94 2.58 1.02658
2.94 2.64 1.09259
2.94 2.7 1.07621
2.94 2.76 0.975737
2.94 2.82 0.793113
2.94 2.88 0.534149
2.94 2.94 0.237408
2.94 3 0.0528941
3 0 0
3 0.06 0.00524409
3 0.12 0.0188362
3 0.18 0.0377758
3 0.24 0.0593561
3 0.3 0.0811824
3 0.36 0.101191
3 0.42 0.117669
3 0.48 0.129278
3 0.54 0.135075
3 0.6 0.13454
3 0.66 0.127596
3 0.72 0.114645
3 0.78 0.0965909
3 0.84 0.0748717
3 0.9 0.0514951
3 0.96 0.0290719
3 1.02 0.010853
3 1.08 0.000770231
3 1.14 0.00812551
3 1.2 0.0459524
3 1.26 0.105761
3 1.32 0.178462
3 1.38 0.255889
3 1.44 0.330845
3 1.5 0.397172
3 1.56 0.449811
3 1.62 0.48487
3 1.68 0.499695
3 1.74 0.49295
3 1.8 0.464696
3 1.86 0.416477
3 1.92 0.351415
3 1.98 0.274303
3 2.04 0.191712
3 2.1 0.112098
3 2.16 0.0459218
3 2.22 0.00576967
3 2.28 0.00508696
3 2.34 0.0389142
3 2.4 0.0903744
3 2.46 0.145161
3 2.52 0.191841
3 2.58 0.222026
3 2.64 0.230567
3 2.7 0.215755
3 2.76 0.179526
3 2.82 0.127694
3 2.88 0.0701904
3 2.94 0.0213125
3 3 0
