0 0 1
0 0.06 1.06151
0 0.12 1.12631
0 0.18 1.1948
0 0.24 1.2674
0 0.3 1.34451
0 0.36 1.42654
0 0.42 1.51391
0 0.48 1.607
0 0.54 1.70625
0 0.6 1.81204
0 0.66 1.9248
0 0.72 2.04492
0 0.78 2.17282
0 0.84 2.3089
0 0.9 2.45358
0 0.96 2.60725
0 1.02 2.77034
0 1.08 2.94324
0 1.14 3.12636
0 1.2 3.32012
0 1.26 3.52208
0 1.32 3.73081
0 1.38 3.94824
0 1.44 4.17626
0 1.5 4.41679
0 1.56 4.67175
0 1.62 4.94304
0 1.68 5.23257
0 1.74 5.54225
0 1.8 5.874
0 1.86 6.22973
0 1.92 6.61134
0 1.98 7.02075
0 2.04 7.45987
0 2.1 7.93061
0 2.16 8.43488
0 2.22 8.97459
0 2.28 9.55165
0 2.34 10.168
0 2.4 10.8255
0 2.46 11.5261
0 2.52 12.2717
0 2.58 13.0642
0 2.64 13.9055
0 2.7 14.7975
0 2.76 15.7422
0 2.82 16.7414
0 2.88 17.7971
0 2.94 18.9112
0 3 20.0855
0.06 0 1.06168
0.06 0.06 1.12492
0.06 0.12 1.19354
0.06 0.18 1.2689
0.06 0.24 1.34884
0.06 0.3 1.4333
0.06 0.36 1.52268
0.06 0.42 1.61738
0.06 0.48 1.71783
0.06 0.54 1.82441
0.06 0.6 1.93755
0.06 0.66 2.05765
0.06 0.72 2.18512
0.06 0.78 2.32036
0.06 0.84 2.46379
0.06 0.9 2.61581
0.06 0.96 2.77683
0.06 1.02 2.94726
0.06 1.08 3.12751
0.06 1.14 3.31975
0.06 1.2 3.52408
0.06 1.26 3.74223
0.06 1.32 3.96728
0.06 1.38 4.19339
0.06 1.44 4.42853
0.06 1.5 4.68466
0.06 1.56 4.96274
0.06 1.62 5.26354
0.06 1.68 5.58778
0.06 1.74 5.93388
0.06 1.8 6.30204
0.06 1.86 6.69419
0.06 1.92 7.11222
0.06 1.98 7.55804
0.06 2.04 8.03358
0.06 2.1 8.54073
0.06 2.16 9.08142
0.06 2.22 9.65755
0.06 2.28 10.271
0.06 2.34 10.9238
0.06 2.4 11.6177
0.06 2.46 12.3547
0.06 2.52 13.1367
0.06 2.58 13.9656
0.06 2.64 14.8434
0.06 2.7 15.7741
0.06 2.76 16.7611
0.06 2.82 17.8071
0.06 2.88 18.9145
0.06 2.94 20.0846
0.06 3 21.3089
0.12 0 1.12695
0.12 0.06 1.19429
0.12 0.12 1.26236
0.12 0.18 1.33838
0.12 0.24 1.42213
0.12 0.3 1.51326
0.12 0.36 1.61073
0.12 0.42 1.71355
0.12 0.48 1.8221
0.12 0.54 1.93679
0.12 0.6 2.05804
0.12 0.66 2.18624
0.12 0.72 2.32182
0.12 0.78 2.46517
0.12 0.84 2.61671
0.12 0.9 2.77683
0.12 0.96 2.94597
0.12 1.02 3.12592
0.12 1.08 3.31867
0.12 1.14 3.52543
0.12 1.2 3.7384
0.12 1.26 3.96802
0.12 1.32 4.21737
0.12 1.38 4.47368
0.12 1.44 4.73705
0.12 1.5 5.00833
0.12 1.56 5.2896
0.12 1.62 5.58671
0.12 1.68 5.91188
0.12 1.74 6.26658
0.12 1.8 6.65155
0.12 1.86 7.06758
0.12 1.92 7.51542
0.12 1.98 7.99583
0.12 2.04 8.5096
0.12 2.1 9.05748
0.12 2.16 9.64018
0.12 2.22 10.2584
0.12 2.28 10.9138
0.12 2.34 11.6091
0.12 2.4 12.3469
0.12 2.46 13.1298
0.12 2.52 13.9602
0.12 2.58 14.8409
0.12 2.64 15.7742
0.12 2.7 16.7629
0.12 2.76 17.8094
0.12 2.82 18.9164
0.12 2.88 20.082
0.12 2.94 21.3014
0.12 3 22.5762
0.18 0 1.19616
0.18 0.06 1.26971
0.18 0.12 1.33949
0.18 0.18 1.41638
0.18 0.24 1.50188
0.18 0.3 1.5958
0.18 0.36 1.69782
0.18 0.42 1.80758
0.18 0.48 1.9247
0.18 0.54 2.04826
0.18 0.6 2.17838
0.18 0.66 2.31546
0.18 0.72 2.4599
0.18 0.78 2.61213
0.18 0.84 2.77254
0.18 0.9 2.94249
0.18 0.96 3.12357
0.18 1.02 3.31697
0.18 1.08 3.5239
0.18 1.14 3.74313
0.18 1.2 3.96457
0.18 1.26 4.20435
0.18 1.32 4.47377
0.18 1.38 4.75415
0.18 1.44 5.04488
0.18 1.5 5.34838
0.18 1.56 5.66496
0.18 1.62 5.99667
0.18 1.68 6.34559
0.18 1.74 6.71379
0.18 1.8 7.10543
0.18 1.86 7.53202
0.18 1.92 7.9957
0.18 1.98 8.49722
0.18 2.04 9.03736
0.18 2.1 9.61687
0.18 2.16 10.2365
0.18 2.22 10.8971
0.18 2.28 11.5987
0.18 2.34 12.3416
0.18 2.4 13.1286
0.18 2.46 13.9621
0.18 2.52 14.8447
0.18 2.58 15.779
0.18 2.64 16.7675
0.18 2.7 17.8128
0.18 2.76 18.9175
0.18 2.82 20.0792
0.18 2.88 21.2955
0.18 2.94 22.5949
0.18 3 23.8988
0.24 0 1.26965
0.24 0.06 1.34943
0.24 0.12 1.42435
0.24 0.18 1.50323
0.24 0.24 1.59102
0.24 0.3 1.68806
0.24 0.36 1.79423
0.24 0.42 1.90919
0.24 0.48 2.03261
0.24 0.54 2.16415
0.24 0.6 2.30347
0.24 0.66 2.45017
0.24 0.72 2.60425
0.24 0.78 2.76652
0.24 0.84 2.93822
0.24 0.9 3.12057
0.24 0.96 3.31476
0.24 1.02 3.522
0.24 1.08 3.74348
0.24 1.14 3.97181
0.24 1.2 4.20407
0.24 1.26 4.45624
0.24 1.32 4.74003
0.24 1.38 5.04566
0.24 1.44 5.36117
0.24 1.5 5.69033
0.24 1.56 6.0367
0.24 1.62 6.40149
0.24 1.68 6.78654
0.24 1.74 7.19395
0.24 1.8 7.62578
0.24 1.86 8.08413
0.24 1.92 8.57106
0.24 1.98 9.08962
0.24 2.04 9.65
0.24 2.1 10.255
0.24 2.16 10.9055
0.24 2.22 11.6021
0.24 2.28 12.3456
0.24 2.34 13.135
0.24 2.4 13.9698
0.24 2.46 14.8527
0.24 2.52 15.7861
0.24 2.58 16.7728
0.24 2.64 17.8156
0.24 2.7 18.918
0.24 2.76 20.0779
0.24 2.82 21.2932
0.24 2.88 22.562
0.24 2.94 23.9963
0.24 3 25.2877
0.3 0 1.34778
0.3 0.06 1.43378
0.3 0.12 1.51566
0.3 0.18 1.59832
0.3 0.24 1.68957
0.3 0.3 1.79033
0.3 0.36 1.90098
0.3 0.42 2.02146
0.3 0.48 2.15145
0.3 0.54 2.29059
0.3 0.6 2.43855
0.3 0.66 2.595
0.3 0.72 2.75964
0.3 0.78 2.93324
0.3 0.84 3.117
0.3 0.9 3.31212
0.3 0.96 3.51981
0.3 1.02 3.74127
0.3 1.08 3.97528
0.3 1.14 4.21297
0.3 1.2 4.4584
0.3 1.26 4.72517
0.3 1.32 5.02274
0.3 1.38 5.35064
0.3 1.44 5.69229
0.3 1.5 6.04705
0.3 1.56 6.41877
0.3 1.62 6.81129
0.3 1.68 7.22721
0.3 1.74 7.66852
0.3 1.8 8.13732
0.3 1.86 8.63569
0.3 1.92 9.16572
0.3 1.98 9.72946
0.3 2.04 10.329
0.3 2.1 10.9665
0.3 2.16 11.6442
0.3 2.22 12.3708
0.3 2.28 13.1495
0.3 2.34 13.9812
0.3 2.4 14.8625
0.3 2.46 15.7935
0.3 2.52 16.7765
0.3 2.58 17.8175
0.3 2.64 18.9193
0.3 2.7 20.0795
0.3 2.76 21.2958
0.3 2.82 22.5661
0.3 2.88 23.9146
0.3 2.94 25.4992
0.3 3 26.7543
0.36 0 1.43087
0.36 0.06 1.5231
0.36 0.12 1.61198
0.36 0.18 1.70101
0.36 0.24 1.79686
0.36 0.3 1.90256
0.36 0.36 2.01836
0.36 0.42 2.14468
0.36 0.48 2.28155
0.36 0.54 2.42862
0.36 0.6 2.58555
0.36 0.66 2.752
0.36 0.72 2.92765
0.36 0.78 3.11296
0.36 0.84 3.30916
0.36 0.9 3.51744
0.36 0.96 3.73902
0.36 1.02 3.97505
0.36 1.08 4.21869
0.36 1.14 4.46807
0.36 1.2 4.72903
0.36 1.26 5.01264
0.36 1.32 5.32622
0.36 1.38 5.67148
0.36 1.44 6.04053
0.36 1.5 6.42226
0.36 1.56 6.8204
0.36 1.62 7.2388
0.36 1.68 7.68131
0.36 1.74 8.15144
0.36 1.8 8.65191
0.36 1.86 9.18502
0.36 1.92 9.75283
0.36 1.98 10.3574
0.36 2.04 11.0009
0.36 2.1 11.6853
0.36 2.16 12.4128
0.36 2.22 13.1853
0.36 2.28 14.0051
0.36 2.34 14.8742
0.36 2.4 15.7987
0.36 2.46 16.7781
0.36 2.52 17.8199
0.36 2.58 18.9231
0.36 2.64 20.0855
0.36 2.7 21.3049
0.36 2.76 22.579
0.36 2.82 23.9063
0.36 2.88 25.3755
0.36 2.94 27.0396
0.36 3 28.3097
0.42 0 1.51929
0.42 0.06 1.61774
0.42 0.12 1.71362
0.42 0.18 1.81036
0.42 0.24 1.91224
0.42 0.3 2.02402
0.42 0.36 2.14624
0.42 0.42 2.27916
0.42 0.48 2.42323
0.42 0.54 2.57854
0.42 0.6 2.74476
0.42 0.66 2.92155
0.42 0.72 3.10855
0.42 0.78 3.30596
0.42 0.84 3.51498
0.42 0.9 3.73681
0.42 0.96 3.97265
0.42 1.02 4.22133
0.42 1.08 4.47519
0.42 1.14 4.73863
0.42 1.2 5.01745
0.42 1.26 5.32013
0.42 1.32 5.65194
0.42 1.38 6.01461
0.42 1.44 6.40818
0.42 1.5 6.81825
0.42 1.56 7.24419
0.42 1.62 7.68984
0.42 1.68 8.15904
0.42 1.74 8.65582
0.42 1.8 9.18546
0.42 1.86 9.75065
0.42 1.92 10.3535
0.42 1.98 10.996
0.42 2.04 11.6803
0.42 2.1 12.4085
0.42 2.16 13.1826
0.42 2.22 14.0048
0.42 2.28 14.8771
0.42 2.34 15.8
0.42 2.4 16.7687
0.42 2.46 17.824
0.42 2.52 18.9307
0.42 2.58 20.0974
0.42 2.64 21.3219
0.42 2.7 22.602
0.42 2.76 23.9354
0.42 2.82 25.3396
0.42 2.88 26.9518
0.42 2.94 28.6241
0.42 3 29.9653
0.48 0 1.61337
0.48 0.06 1.71805
0.48 0.12 1.82092
0.48 0.18 1.92544
0.48 0.24 2.03508
0.48 0.3 2.15407
0.48 0.36 2.28385
0.48 0.42 2.42466
0.48 0.48 2.57677
0.48 0.54 2.74065
0.48 0.6 2.91648
0.48 0.66 3.10392
0.48 0.72 3.30263
0.48 0.78 3.51253
0.48 0.84 3.73476
0.48 0.9 3.97051
0.48 0.96 4.22096
0.48 1.02 4.47982
0.48 1.08 4.74627
0.48 1.14 5.02611
0.48 1.2 5.32515
0.48 1.26 5.64912
0.48 1.32 6.0014
0.48 1.38 6.38369
0.48 1.44 6.79772
0.48 1.5 7.23731
0.48 1.56 7.69242
0.48 1.62 8.16669
0.48 1.68 8.66397
0.48 1.74 9.1906
0.48 1.8 9.75351
0.48 1.86 10.3548
0.48 1.92 10.9966
0.48 1.98 11.681
0.48 2.04 12.41
0.48 2.1 13.1858
0.48 2.16 14.0104
0.48 2.22 14.8813
0.48 2.28 15.7915
0.48 2.34 16.7454
0.48 2.4 17.7667
0.48 2.46 18.9174
0.48 2.52 20.1138
0.48 2.58 21.3485
0.48 2.64 22.6365
0.48 2.7 23.9787
0.48 2.76 25.3729
0.48 2.82 26.8816
0.48 2.88 28.6506
0.48 2.94 30.2719
0.48 3 31.7321
0.54 0 1.71346
0.54 0.06 1.82437
0.54 0.12 1.93424
0.54 0.18 2.04653
0.54 0.24 2.16469
0.54 0.3 2.29208
0.54 0.36 2.43054
0.54 0.42 2.58039
0.54 0.48 2.74187
0.54 0.54 2.91524
0.54 0.6 3.101
0.54 0.66 3.29942
0.54 0.72 3.51015
0.54 0.78 3.73295
0.54 0.84 3.96876
0.54 0.9 4.21884
0.54 0.96 4.48206
0.54 1.02 4.75203
0.54 1.08 5.03341
0.54 1.14 5.33202
0.54 1.2 5.6535
0.54 1.26 6.00111
0.54 1.32 6.37607
0.54 1.38 6.78022
0.54 1.44 7.21527
0.54 1.5 7.68173
0.54 1.56 8.16738
0.54 1.62 8.67164
0.54 1.68 9.19883
0.54 1.74 9.76019
0.54 1.8 10.3607
0.54 1.86 11.0026
0.54 1.92 11.6877
0.54 1.98 12.4183
0.54 2.04 13.1965
0.54 2.1 14.015
0.54 2.16 14.8706
0.54 2.22 15.768
0.54 2.28 16.7125
0.54 2.34 17.7091
0.54 2.4 18.8034
0.54 2.46 20.0441
0.54 2.52 21.3498
0.54 2.58 22.6764
0.54 2.64 24.0368
0.54 2.7 25.4426
0.54 2.76 26.9087
0.54 2.82 28.5395
0.54 2.88 30.4788
0.54 2.94 32.002
0.54 3 33.6216
0.6 0 1.81991
0.6 0.06 1.93704
0.6 0.12 2.05392
0.6 0.18 2.17397
0.6 0.24 2.30068
0.6 0.3 2.43745
0.6 0.36 2.58569
0.6 0.42 2.74571
0.6 0.48 2.9177
0.6 0.54 3.10192
0.6 0.6 3.29862
0.6 0.66 3.50833
0.6 0.72 3.7314
0.6 0.78 3.9675
0.6 0.84 4.21729
0.6 0.9 4.48198
0.6 0.96 4.756
0.6 1.02 5.03944
0.6 1.08 5.33825
0.6 1.14 5.65942
0.6 1.2 6.00546
0.6 1.26 6.37767
0.6 1.32 6.77736
0.6 1.38 7.20568
0.6 1.44 7.66398
0.6 1.5 8.15406
0.6 1.56 8.67136
0.6 1.62 9.20698
0.6 1.68 9.76821
0.6 1.74 10.3687
0.6 1.8 11.0113
0.6 1.86 11.698
0.6 1.92 12.4299
0.6 1.98 13.1964
0.6 2.04 13.998
0.6 2.1 14.8398
0.6 2.16 15.7267
0.6 2.22 16.6639
0.6 2.28 17.6563
0.6 2.34 18.7142
0.6 2.4 19.8907
0.6 2.46 21.2134
0.6 2.52 22.6399
0.6 2.58 24.0726
0.6 2.64 25.522
0.6 2.7 27.0009
0.6 2.76 28.5535
0.6 2.82 30.3202
0.6 2.88 32.4013
0.6 2.94 33.8336
0.6 3 35.6447
0.66 0 1.93306
0.66 0.06 2.05642
0.66 0.12 2.18029
0.66 0.18 2.30812
0.66 0.24 2.44406
0.66 0.3 2.59109
0.66 0.36 2.74971
0.66 0.42 2.92041
0.66 0.48 3.10365
0.66 0.54 3.29981
0.66 0.6 3.50885
0.66 0.66 3.73096
0.66 0.72 3.96669
0.66 0.78 4.21646
0.66 0.84 4.48061
0.66 0.9 4.75827
0.66 0.96 5.04428
0.66 1.02 5.3451
0.66 1.08 5.66795
0.66 1.14 6.01435
0.66 1.2 6.3856
0.66 1.26 6.78302
0.66 1.32 7.2079
0.66 1.38 7.66156
0.66 1.44 8.1453
0.66 1.5 8.66007
0.66 1.56 9.20664
0.66 1.62 9.77511
0.66 1.68 10.3763
0.66 1.74 11.0204
0.66 1.8 11.7056
0.66 1.86 12.4208
0.66 1.92 13.1692
0.66 1.98 13.956
0.66 2.04 14.7862
0.66 2.1 15.6647
0.66 2.16 16.5967
0.66 2.22 17.5872
0.66 2.28 18.6412
0.66 2.34 19.7783
0.66 2.4 21.0405
0.66 2.46 22.4472
0.66 2.52 23.9911
0.66 2.58 25.5437
0.66 2.64 27.096
0.66 2.7 28.6606
0.66 2.76 30.3146
0.66 2.82 32.2309
0.66 2.88 34.3972
0.66 2.94 35.7907
0.66 3 37.8129
0.72 0 2.05326
0.72 0.06 2.18285
0.72 0.12 2.31372
0.72 0.18 2.4501
0.72 0.24 2.59695
0.72 0.3 2.75505
0.72 0.36 2.92489
0.72 0.42 3.10694
0.72 0.48 3.30167
0.72 0.54 3.50956
0.72 0.6 3.73108
0.72 0.66 3.96671
0.72 0.72 4.2163
0.72 0.78 4.48012
0.72 0.84 4.75893
0.72 0.9 5.04822
0.72 0.96 5.35381
0.72 1.02 5.68033
0.72 1.08 6.02906
0.72 1.14 6.40133
0.72 1.2 6.79844
0.72 1.26 7.2217
0.72 1.32 7.67241
0.72 1.38 8.15188
0.72 1.44 8.66142
0.72 1.5 9.20234
0.72 1.56 9.77586
0.72 1.62 10.381
0.72 1.68 11.019
0.72 1.74 11.6835
0.72 1.8 12.3796
0.72 1.86 13.1121
0.72 1.92 13.8862
0.72 1.98 14.7068
0.72 2.04 15.5791
0.72 2.1 16.5081
0.72 2.16 17.4987
0.72 2.22 18.5561
0.72 2.28 19.6857
0.72 2.34 20.9131
0.72 2.4 22.2647
0.72 2.46 23.7591
0.72 2.52 25.4106
0.72 2.58 27.0969
0.72 2.64 28.7657
0.72 2.7 30.4299
0.72 2.76 32.1989
0.72 2.82 34.2784
0.72 2.88 36.4856
0.72 2.94 37.903
0.72 3 40.1373
0.78 0 2.18085
0.78 0.06 2.31667
0.78 0.12 2.45506
0.78 0.18 2.60276
0.78 0.24 2.76138
0.78 0.3 2.9314
0.78 0.36 3.11328
0.78 0.42 3.30751
0.78 0.48 3.51456
0.78 0.54 3.73491
0.78 0.6 3.96902
0.78 0.66 4.21738
0.78 0.72 4.48046
0.78 0.78 4.75874
0.78 0.84 5.05307
0.78 0.9 5.36547
0.78 0.96 5.69731
0.78 1.02 6.04989
0.78 1.08 6.42453
0.78 1.14 6.82253
0.78 1.2 7.24521
0.78 1.26 7.69388
0.78 1.32 8.16985
0.78 1.38 8.67443
0.78 1.44 9.2089
0.78 1.5 9.77669
0.78 1.56 10.3804
0.78 1.62 11.0169
0.78 1.68 11.6494
0.78 1.74 12.3151
0.78 1.8 13.026
0.78 1.86 13.7861
0.78 1.92 14.5989
0.78 1.98 15.4671
0.78 2.04 16.3952
0.78 2.1 17.3881
0.78 2.16 18.4511
0.78 2.22 19.5891
0.78 2.28 20.8086
0.78 2.34 22.1307
0.78 2.4 23.5752
0.78 2.46 25.1609
0.78 2.52 26.9064
0.78 2.58 28.739
0.78 2.64 30.5383
0.78 2.7 32.3158
0.78 2.76 34.2135
0.78 2.82 36.4701
0.78 2.88 38.6856
0.78 2.94 40.1827
0.78 3 42.6292
0.84 0 2.31618
0.84 0.06 2.4584
0.84 0.12 2.608
0.84 0.18 2.76817
0.84 0.24 2.9394
0.84 0.3 3.12216
0.84 0.36 3.31693
0.84 0.42 3.52415
0.84 0.48 3.74392
0.84 0.54 3.97665
0.84 0.6 4.2229
0.84 0.66 4.48323
0.84 0.72 4.7582
0.84 0.78 5.05047
0.84 0.84 5.36548
0.84 0.9 5.69628
0.84 0.96 6.04932
0.84 1.02 6.42519
0.84 1.08 6.82449
0.84 1.14 7.24755
0.84 1.2 7.6953
0.84 1.26 8.1691
0.84 1.32 8.67206
0.84 1.38 9.20712
0.84 1.44 9.77703
0.84 1.5 10.3793
0.84 1.56 11.0203
0.84 1.62 11.7059
0.84 1.68 12.3943
0.84 1.74 13.0857
0.84 1.8 13.7914
0.84 1.86 14.5562
0.84 1.92 15.3889
0.84 1.98 16.2933
0.84 2.04 17.2731
0.84 2.1 18.3322
0.84 2.16 19.4745
0.84 2.22 20.7036
0.84 2.28 22.0225
0.84 2.34 23.4429
0.84 2.4 24.984
0.84 2.46 26.6645
0.84 2.52 28.5033
0.84 2.58 30.4772
0.84 2.64 32.4207
0.84 2.7 34.3254
0.84 2.76 36.3656
0.84 2.82 38.8036
0.84 2.88 41.0164
0.84 2.94 42.6411
0.84 3 45.2998
0.9 0 2.4596
0.9 0.06 2.6118
0.9 0.12 2.77357
0.9 0.18 2.94549
0.9 0.24 3.12811
0.9 0.3 3.32199
0.9 0.36 3.5277
0.9 0.42 3.74579
0.9 0.48 3.97682
0.9 0.54 4.22136
0.9 0.6 4.47996
0.9 0.66 4.75318
0.9 0.72 5.04238
0.9 0.78 5.35884
0.9 0.84 5.69888
0.9 0.9 6.04901
0.9 0.96 6.42192
0.9 1.02 6.81959
0.9 1.08 7.24256
0.9 1.14 7.69143
0.9 1.2 8.16648
0.9 1.26 8.67078
0.9 1.32 9.20723
0.9 1.38 9.77717
0.9 1.44 10.3783
0.9 1.5 11.0112
0.9 1.56 11.7045
0.9 1.62 12.437
0.9 1.68 13.178
0.9 1.74 13.9377
0.9 1.8 14.7167
0.9 1.86 15.5174
0.9 1.92 16.3578
0.9 1.98 17.2825
0.9 2.04 18.2977
0.9 2.1 19.4071
0.9 2.16 20.6146
0.9 2.22 21.9239
0.9 2.28 23.339
0.9 2.34 24.8617
0.9 2.4 26.503
0.9 2.46 28.282
0.9 2.52 30.2175
0.9 2.58 32.3186
0.9 2.64 34.4201
0.9 2.7 36.4657
0.9 2.76 38.662
0.9 2.82 41.246
0.9 2.88 43.497
0.9 2.94 45.2894
0.9 3 48.1602
0.96 0 2.61022
0.96 0.06 2.768
0.96 0.12 2.93455
0.96 0.18 3.11643
0.96 0.24 3.31065
0.96 0.3 3.51669
0.96 0.36 3.73509
0.96 0.42 3.96643
0.96 0.48 4.21125
0.96 0.54 4.47012
0.96 0.6 4.7436
0.96 0.66 5.03241
0.96 0.72 5.34406
0.96 0.78 5.68653
0.96 0.84 6.05335
0.96 0.9 6.42484
0.96 0.96 6.82042
0.96 1.02 7.24153
0.96 1.08 7.68996
0.96 1.14 8.16601
0.96 1.2 8.67088
0.96 1.26 9.20799
0.96 1.32 9.77704
0.96 1.38 10.3779
0.96 1.44 11.0111
0.96 1.5 11.6835
0.96 1.56 12.433
0.96 1.62 13.2125
0.96 1.68 14.0047
0.96 1.74 14.8242
0.96 1.8 15.6779
0.96 1.86 16.5678
0.96 1.92 17.4965
0.96 1.98 18.4666
0.96 2.04 19.5034
0.96 2.1 20.6487
0.96 2.16 21.9071
0.96 2.22 23.2823
0.96 2.28 24.7782
0.96 2.34 26.3985
0.96 2.4 28.144
0.96 2.46 30.0251
0.96 2.52 32.061
0.96 2.58 34.2704
0.96 2.64 36.5434
0.96 2.7 38.7438
0.96 2.76 41.1099
0.96 2.82 43.8102
0.96 2.88 46.1465
0.96 2.94 48.1388
0.96 3 51.2218
1.02 0 2.76771
1.02 0.06 2.93904
1.02 0.12 3.10911
1.02 0.18 3.29289
1.02 0.24 3.49412
1.02 0.3 3.71203
1.02 0.36 3.9454
1.02 0.42 4.1925
1.02 0.48 4.45364
1.02 0.54 4.72937
1.02 0.6 5.02025
1.02 0.66 5.33029
1.02 0.72 5.66666
1.02 0.78 6.03513
1.02 0.84 6.4288
1.02 0.9 6.82407
1.02 0.96 7.24367
1.02 1.02 7.69071
1.02 1.08 8.16605
1.02 1.14 8.67124
1.02 1.2 9.20815
1.02 1.26 9.77711
1.02 1.32 10.3786
1.02 1.38 11.0131
1.02 1.44 11.6813
1.02 1.5 12.4029
1.02 1.56 13.2073
1.02 1.62 14.0345
1.02 1.68 14.8783
1.02 1.74 15.7537
1.02 1.8 16.6745
1.02 1.86 17.6456
1.02 1.92 18.6699
1.02 1.98 19.75
1.02 2.04 20.8884
1.02 2.1 22.0879
1.02 2.16 23.3828
1.02 2.22 24.8095
1.02 2.28 26.3719
1.02 2.34 28.0737
1.02 2.4 29.9187
1.02 2.46 31.9059
1.02 2.52 34.0458
1.02 2.58 36.3575
1.02 2.64 38.7979
1.02 2.7 41.1667
1.02 2.76 43.7164
1.02 2.82 46.5152
1.02 2.88 48.984
1.02 2.94 51.2006
1.02 3 54.4957
1.08 0 2.93327
1.08 0.06 3.12409
1.08 0.12 3.3015
1.08 0.18 3.49231
1.08 0.24 3.6986
1.08 0.3 3.92427
1.08 0.36 4.16877
1.08 0.42 4.43114
1.08 0.48 4.71042
1.08 0.54 5.00556
1.08 0.6 5.31721
1.08 0.66 5.6507
1.08 0.72 6.0118
1.08 0.78 6.40626
1.08 0.84 6.82678
1.08 0.9 7.2475
1.08 0.96 7.69218
1.08 1.02 8.16636
1.08 1.08 8.67117
1.08 1.14 9.20646
1.08 1.2 9.77742
1.08 1.26 10.3808
1.08 1.32 11.0175
1.08 1.38 11.6884
1.08 1.44 12.3969
1.08 1.5 13.1715
1.08 1.56 14.0293
1.08 1.62 14.9048
1.08 1.68 15.8009
1.08 1.74 16.7326
1.08 1.8 17.7148
1.08 1.86 18.7596
1.08 1.92 19.8717
1.08 1.98 21.0538
1.08 2.04 22.3087
1.08 2.1 23.6389
1.08 2.16 25.0471
1.08 2.22 26.5364
1.08 2.28 28.1509
1.08 2.34 29.9198
1.08 2.4 31.8469
1.08 2.46 33.936
1.08 2.52 36.1837
1.08 2.58 38.6013
1.08 2.64 41.1904
1.08 2.7 43.7415
1.08 2.76 46.4885
1.08 2.82 49.3802
1.08 2.88 52.0275
1.08 2.94 54.486
1.08 3 57.9933
1.14 0 3.10809
1.14 0.06 3.31991
1.14 0.12 3.50959
1.14 0.18 3.71031
1.14 0.24 3.92696
1.14 0.3 4.16102
1.14 0.36 4.41633
1.14 0.42 4.69263
1.14 0.48 4.98896
1.14 0.54 5.30436
1.14 0.6 5.6383
1.14 0.66 5.99524
1.14 0.72 6.38106
1.14 0.78 6.80153
1.14 0.84 7.24889
1.14 0.9 7.69591
1.14 0.96 8.16662
1.14 1.02 8.67036
1.14 1.08 9.20674
1.14 1.14 9.76852
1.14 1.2 10.3772
1.14 1.26 11.0209
1.14 1.32 11.6978
1.14 1.38 12.4089
1.14 1.44 13.1619
1.14 1.5 13.9915
1.14 1.56 14.901
1.14 1.62 15.8253
1.14 1.68 16.7743
1.14 1.74 17.7629
1.14 1.8 18.8059
1.14 1.86 19.9184
1.14 1.92 21.1104
1.14 1.98 22.3868
1.14 2.04 23.7503
1.14 2.1 25.2034
1.14 2.16 26.7489
1.14 2.22 28.3892
1.14 2.28 30.1272
1.14 2.34 31.9676
1.14 2.4 33.9624
1.14 2.46 36.1342
1.14 2.52 38.4867
1.14 2.58 41.0138
1.14 2.64 43.728
1.14 2.7 46.4753
1.14 2.76 49.4126
1.14 2.82 52.4243
1.14 2.88 55.2903
1.14 2.94 58.0062
1.14 3 61.7256
1.2 0 3.29335
1.2 0.06 3.52619
1.2 0.12 3.73349
1.2 0.18 3.9455
1.2 0.24 4.17483
1.2 0.3 4.42242
1.2 0.36 4.68949
1.2 0.42 4.97964
1.2 0.48 5.29294
1.2 0.54 5.62844
1.2 0.6 5.98513
1.2 0.66 6.36552
1.2 0.72 6.77607
1.2 0.78 7.22254
1.2 0.84 7.69675
1.2 0.9 8.16976
1.2 0.96 8.67007
1.2 1.02 9.20768
1.2 1.08 9.77284
1.2 1.14 10.3655
1.2 1.2 11.0081
1.2 1.26 11.6979
1.2 1.32 12.4209
1.2 1.38 13.1779
1.2 1.44 13.9787
1.2 1.5 14.8652
1.2 1.56 15.8242
1.2 1.62 16.798
1.2 1.68 17.8005
1.2 1.74 18.8465
1.2 1.8 19.951
1.2 1.86 21.129
1.2 1.92 22.3948
1.2 1.98 23.7576
1.2 2.04 25.2218
1.2 2.1 26.7901
1.2 2.16 28.4649
1.2 2.22 30.249
1.2 2.28 32.145
1.2 2.34 34.1555
1.2 2.4 36.2831
1.2 2.46 38.5362
1.2 2.52 40.9721
1.2 2.58 43.6069
1.2 2.64 46.4326
1.2 2.7 49.375
1.2 2.76 52.4877
1.2 2.82 55.6644
1.2 2.88 58.7802
1.2 2.94 61.7724
1.2 3 65.704
1.26 0 3.49024
1.26 0.06 3.74409
1.26 0.12 3.97285
1.26 0.18 4.198
1.26 0.24 4.44137
1.26 0.3 4.70441
1.26 0.36 4.98806
1.26 0.42 5.29336
1.26 0.48 5.62356
1.26 0.54 5.97906
1.26 0.6 6.35892
1.26 0.66 6.76315
1.26 0.72 7.19842
1.26 0.78 7.67089
1.26 0.84 8.17195
1.26 0.9 8.67233
1.26 0.96 9.20605
1.26 1.02 9.77709
1.26 1.08 10.3722
1.26 1.14 11.0003
1.26 1.2 11.679
1.26 1.26 12.4128
1.26 1.32 13.1883
1.26 1.38 13.9973
1.26 1.44 14.8493
1.26 1.5 15.7946
1.26 1.56 16.8009
1.26 1.62 17.8248
1.26 1.68 18.8813
1.26 1.74 19.9854
1.26 1.8 21.152
1.26 1.86 22.396
1.26 1.92 23.7357
1.26 1.98 25.1813
1.26 2.04 26.7379
1.26 2.1 28.4106
1.26 2.16 30.2044
1.26 2.22 32.124
1.26 2.28 34.1702
1.26 2.34 36.3453
1.26 2.4 38.6518
1.26 2.46 41.0924
1.26 2.52 43.6696
1.26 2.58 46.397
1.26 2.64 49.3332
1.26 2.7 52.4478
1.26 2.76 55.7322
1.26 2.82 59.1164
1.26 2.88 62.5015
1.26 2.94 65.7959
1.26 3 69.9396
1.32 0 3.69995
1.32 0.06 3.97482
1.32 0.12 4.22548
1.32 0.18 4.46795
1.32 0.24 4.72673
1.32 0.3 5.00657
1.32 0.36 5.30843
1.32 0.42 5.63325
1.32 0.48 5.98198
1.32 0.54 6.35741
1.32 0.6 6.76033
1.32 0.66 7.18973
1.32 0.72 7.64973
1.32 0.78 8.1482
1.32 0.84 8.6761
1.32 0.9 9.20664
1.32 0.96 9.77741
1.32 1.02 10.3782
1.32 1.08 11.0074
1.32 1.14 11.6755
1.32 1.2 12.3952
1.32 1.26 13.1706
1.32 1.32 14.0009
1.32 1.38 14.8683
1.32 1.44 15.7759
1.32 1.5 16.78
1.32 1.56 17.8329
1.32 1.62 18.9075
1.32 1.68 20.0187
1.32 1.74 21.1815
1.32 1.8 22.4133
1.32 1.86 23.7419
1.32 1.92 25.1759
1.32 1.98 26.7203
1.32 2.04 28.3802
1.32 2.1 30.1606
1.32 2.16 32.0668
1.32 2.22 34.1036
1.32 2.28 36.2763
1.32 2.34 38.5899
1.32 2.4 41.0494
1.32 2.46 43.6599
1.32 2.52 46.4266
1.32 2.58 49.3544
1.32 2.64 52.4413
1.32 2.7 55.7008
1.32 2.76 59.1671
1.32 2.82 62.7858
1.32 2.88 66.4588
1.32 2.94 70.0878
1.32 3 74.4438
1.38 0 3.92368
1.38 0.06 4.21955
1.38 0.12 4.49212
1.38 0.18 4.75548
1.38 0.24 5.03102
1.38 0.3 5.32904
1.38 0.36 5.65047
1.38 0.42 5.99626
1.38 0.48 6.36735
1.38 0.54 6.7647
1.38 0.6 7.19056
1.38 0.66 7.64608
1.38 0.72 8.1316
1.38 0.78 8.65607
1.38 0.84 9.21082
1.38 0.9 9.7757
1.38 0.96 10.3815
1.38 1.02 11.0138
1.38 1.08 11.6813
1.38 1.14 12.3938
1.38 1.2 13.1592
1.38 1.26 13.9809
1.38 1.32 14.8605
1.38 1.38 15.7919
1.38 1.44 16.7608
1.38 1.5 17.822
1.38 1.56 18.9223
1.38 1.62 20.0482
1.38 1.68 21.2147
1.38 1.74 22.4484
1.38 1.8 23.7814
1.38 1.86 25.2191
1.38 1.92 26.7666
1.38 1.98 28.4291
1.38 2.04 30.2116
1.38 2.1 32.1192
1.38 2.16 34.157
1.38 2.22 36.33
1.38 2.28 38.6434
1.38 2.34 41.1021
1.38 2.4 43.7113
1.38 2.46 46.4761
1.38 2.52 49.3963
1.38 2.58 52.4603
1.38 2.64 55.7031
1.38 2.7 59.1432
1.38 2.76 62.8053
1.38 2.82 66.6771
1.38 2.88 70.6564
1.38 2.94 74.6451
1.38 3 79.2276
1.44 0 4.1626
1.44 0.06 4.47949
1.44 0.12 4.77397
1.44 0.18 5.06007
1.44 0.24 5.3544
1.44 0.3 5.67194
1.44 0.36 6.0143
1.44 0.42 6.38242
1.44 0.48 6.77725
1.44 0.54 7.19973
1.44 0.6 7.65081
1.44 0.66 8.13233
1.44 0.72 8.64564
1.44 0.78 9.19611
1.44 0.84 9.77777
1.44 0.9 10.382
1.44 0.96 11.0186
1.44 1.02 11.6866
1.44 1.08 12.3964
1.44 1.14 13.1574
1.44 1.2 13.9738
1.44 1.26 14.8465
1.44 1.32 15.7777
1.44 1.38 16.7691
1.44 1.44 17.8061
1.44 1.5 18.9227
1.44 1.56 20.0708
1.44 1.62 21.2492
1.44 1.68 22.5027
1.44 1.74 23.8553
1.44 1.8 25.3121
1.44 1.86 26.8782
1.44 1.92 28.5586
1.44 1.98 30.3586
1.44 2.04 32.283
1.44 2.1 34.3371
1.44 2.16 36.5246
1.44 2.22 38.8365
1.44 2.28 41.2732
1.44 2.34 43.8385
1.44 2.4 46.5364
1.44 2.46 49.3923
1.44 2.52 52.458
1.44 2.58 55.7062
1.44 2.64 59.1295
1.44 2.7 62.79
1.44 2.76 66.6566
1.44 2.82 70.7946
1.44 2.88 75.0987
1.44 2.94 79.4655
1.44 3 84.3024
1.5 0 4.41792
1.5 0.06 4.75582
1.5 0.12 5.0722
1.5 0.18 5.38111
1.5 0.24 5.69697
1.5 0.3 6.03541
1.5 0.36 6.40006
1.5 0.42 6.79188
1.5 0.48 7.2118
1.5 0.54 7.66078
1.5 0.6 8.13975
1.5 0.66 8.64967
1.5 0.72 9.19208
1.5 0.78 9.76993
1.5 0.84 10.381
1.5 0.9 11.0216
1.5 0.96 11.6912
1.5 1.02 12.4017
1.5 1.08 13.1622
1.5 1.14 13.9753
1.5 1.2 14.8437
1.5 1.26 15.7702
1.5 1.32 16.7574
1.5 1.38 17.8058
1.5 1.44 18.9141
1.5 1.5 20.0839
1.5 1.56 21.2881
1.5 1.62 22.5771
1.5 1.68 23.9647
1.5 1.74 25.456
1.5 1.8 27.056
1.5 1.86 28.7613
1.5 1.92 30.5696
1.5 1.98 32.4846
1.5 2.04 34.5102
1.5 2.1 36.6504
1.5 2.16 38.909
1.5 2.22 41.2898
1.5 2.28 43.8082
1.5 2.34 46.5036
1.5 2.4 49.3965
1.5 2.46 52.4755
1.5 2.52 55.702
1.5 2.58 59.1004
1.5 2.64 62.8067
1.5 2.7 66.6588
1.5 2.76 70.7721
1.5 2.82 75.1427
1.5 2.88 79.79
1.5 2.94 84.5534
1.5 3 89.6794
1.56 0 4.69081
1.56 0.06 5.04973
1.56 0.12 5.38802
1.56 0.18 5.71972
1.56 0.24 6.05889
1.56 0.3 6.41958
1.56 0.36 6.80789
1.56 0.42 7.22476
1.56 0.48 7.67114
1.56 0.54 8.14797
1.56 0.6 8.6562
1.56 0.66 9.19678
1.56 0.72 9.77066
1.56 0.78 10.3791
1.56 0.84 11.0231
1.56 0.9 11.6974
1.56 0.96 12.4148
1.56 1.02 13.1797
1.56 1.08 13.9945
1.56 1.14 14.8622
1.56 1.2 15.7852
1.56 1.26 16.7664
1.56 1.32 17.8084
1.56 1.38 18.9139
1.56 1.44 20.0855
1.56 1.5 21.3297
1.56 1.56 22.6549
1.56 1.62 24.065
1.56 1.68 25.564
1.56 1.74 27.1555
1.56 1.8 28.8436
1.56 1.86 30.632
1.56 1.92 32.5246
1.56 1.98 34.5254
1.56 2.04 36.6381
1.56 2.1 38.8694
1.56 2.16 41.2453
1.56 2.22 43.7863
1.56 2.28 46.5125
1.56 2.34 49.4243
1.56 2.4 52.4811
1.56 2.46 55.6912
1.56 2.52 59.0728
1.56 2.58 62.748
1.56 2.64 66.6369
1.56 2.7 70.7677
1.56 2.76 75.1679
1.56 2.82 79.7676
1.56 2.88 84.7349
1.56 2.94 89.9132
1.56 3 95.3697
1.62 0 4.98248
1.62 0.06 5.36241
1.62 0.12 5.7226
1.62 0.18 6.0771
1.62 0.24 6.43995
1.62 0.3 6.82458
1.62 0.36 7.23791
1.62 0.42 7.6812
1.62 0.48 8.15539
1.62 0.54 8.66142
1.62 0.6 9.20026
1.62 0.66 9.77287
1.62 0.72 10.3802
1.62 0.78 11.0232
1.62 0.84 11.708
1.62 0.9 12.4362
1.62 0.96 13.2089
1.62 1.02 14.0287
1.62 1.08 14.8984
1.62 1.14 15.8205
1.62 1.2 16.7977
1.62 1.26 17.8327
1.62 1.32 18.9282
1.62 1.38 20.0873
1.62 1.44 21.3271
1.62 1.5 22.6439
1.62 1.56 24.0506
1.62 1.62 25.5467
1.62 1.68 27.1358
1.62 1.74 28.8215
1.62 1.8 30.6072
1.62 1.86 32.4967
1.62 1.92 34.4934
1.62 1.98 36.6007
1.62 2.04 38.8403
1.62 2.1 41.2327
1.62 2.16 43.7979
1.62 2.22 46.5449
1.62 2.28 49.4358
1.62 2.34 52.4751
1.62 2.4 55.6742
1.62 2.46 59.0468
1.62 2.52 62.6899
1.62 2.58 66.6795
1.62 2.64 70.638
1.62 2.7 75.1348
1.62 2.76 79.8515
1.62 2.82 84.7095
1.62 2.88 89.9582
1.62 2.94 95.5494
1.62 3 101.385
1.68 0 5.2941
1.68 0.06 5.69505
1.68 0.12 6.07714
1.68 0.18 6.45443
1.68 0.24 6.84098
1.68 0.3 7.25058
1.68 0.36 7.69049
1.68 0.42 8.16183
1.68 0.48 8.66554
1.68 0.54 9.20258
1.68 0.6 9.7739
1.68 0.66 10.3804
1.68 0.72 11.0232
1.68 0.78 11.696
1.68 0.84 12.435
1.68 0.9 13.22
1.68 0.96 14.0465
1.68 1.02 14.92
1.68 1.08 15.843
1.68 1.14 16.8183
1.68 1.2 17.8485
1.68 1.26 18.9363
1.68 1.32 20.0891
1.68 1.38 21.3287
1.68 1.44 22.6417
1.68 1.5 24.0381
1.68 1.56 25.5295
1.68 1.62 27.1174
1.68 1.68 28.8023
1.68 1.74 30.5878
1.68 1.8 32.4774
1.68 1.86 34.4748
1.68 1.92 36.5853
1.68 1.98 38.8349
1.68 2.04 41.2449
1.68 2.1 43.8301
1.68 2.16 46.5587
1.68 2.22 49.431
1.68 2.28 52.4583
1.68 2.34 55.6515
1.68 2.4 59.0224
1.68 2.46 62.6429
1.68 2.52 66.5871
1.68 2.58 70.8157
1.68 2.64 74.9073
1.68 2.7 79.7782
1.68 2.76 84.8249
1.68 2.82 89.9751
1.68 2.88 95.5306
1.68 2.94 101.471
1.68 3 107.736
1.74 0 5.62687
1.74 0.06 6.04883
1.74 0.12 6.45283
1.74 0.18 6.85292
1.74 0.24 7.2632
1.74 0.3 7.69977
1.74 0.36 8.16827
1.74 0.42 8.66967
1.74 0.48 9.2049
1.74 0.54 9.77493
1.74 0.6 10.3807
1.74 0.66 11.0232
1.74 0.72 11.694
1.74 0.78 12.4036
1.74 0.84 13.1981
1.74 0.9 14.0434
1.74 0.96 14.9266
1.74 1.02 15.8536
1.74 1.08 16.8299
1.74 1.14 17.8582
1.74 1.2 18.9413
1.74 1.26 20.0917
1.74 1.32 21.3272
1.74 1.38 22.6465
1.74 1.44 24.0366
1.74 1.5 25.5196
1.74 1.56 27.1018
1.74 1.62 28.787
1.74 1.68 30.5754
1.74 1.74 32.4683
1.74 1.8 34.4695
1.74 1.86 36.5849
1.74 1.92 38.8455
1.74 1.98 41.2724
1.74 2.04 43.8424
1.74 2.1 46.5514
1.74 2.16 49.4105
1.74 2.22 52.4309
1.74 2.28 55.6238
1.74 2.34 58.9997
1.74 2.4 62.6071
1.74 2.46 66.5155
1.74 2.52 70.7721
1.74 2.58 75.1233
1.74 2.64 79.4756
1.74 2.7 84.7163
1.74 2.76 90.0923
1.74 2.82 95.572
1.74 2.88 101.463
1.74 2.94 107.758
1.74 3 114.433
1.8 0 5.98198
1.8 0.06 6.42495
1.8 0.12 6.85085
1.8 0.18 7.27374
1.8 0.24 7.70904
1.8 0.3 8.17471
1.8 0.36 8.67379
1.8 0.42 9.20722
1.8 0.48 9.77596
1.8 0.54 10.381
1.8 0.6 11.0232
1.8 0.66 11.694
1.8 0.72 12.3908
1.8 0.78 13.1529
1.8 0.84 14.0023
1.8 0.9 14.9102
1.8 0.96 15.8523
1.8 1.02 16.8354
1.8 1.08 17.8651
1.8 1.14 18.9469
1.8 1.2 20.0955
1.8 1.26 21.3267
1.8 1.32 22.6489
1.8 1.38 24.0421
1.8 1.44 25.5188
1.8 1.5 27.0953
1.8 1.56 28.7757
1.8 1.62 30.5629
1.8 1.68 32.4612
1.8 1.74 34.4693
1.8 1.8 36.5918
1.8 1.86 38.8643
1.8 1.92 41.2795
1.8 1.98 43.8288
1.8 2.04 46.5236
1.8 2.1 49.3748
1.8 2.16 52.3938
1.8 2.22 55.5915
1.8 2.28 58.9787
1.8 2.34 62.5826
1.8 2.4 66.4647
1.8 2.46 70.6723
1.8 2.52 75.2127
1.8 2.58 79.6583
1.8 2.64 84.3609
1.8 2.7 89.9669
1.8 2.76 95.6729
1.8 2.82 101.505
1.8 2.88 107.755
1.8 2.94 114.43
1.8 3 121.481
1.86 0 6.36061
1.86 0.06 6.82459
1.86 0.12 7.2724
1.86 0.18 7.71809
1.86 0.24 8.18115
1.86 0.3 8.67791
1.86 0.36 9.20954
1.86 0.42 9.77699
1.86 0.48 10.3812
1.86 0.54 11.0232
1.86 0.6 11.6939
1.86 0.66 12.3902
1.86 0.72 13.1301
1.86 0.78 13.9492
1.86 0.84 14.8539
1.86 0.9 15.8256
1.86 0.96 16.8288
1.86 1.02 17.8694
1.86 1.08 18.954
1.86 1.14 20.1008
1.86 1.2 21.3278
1.86 1.26 22.649
1.86 1.32 24.046
1.86 1.38 25.5233
1.86 1.44 27.0951
1.86 1.5 28.7721
1.86 1.56 30.5576
1.86 1.62 32.4547
1.86 1.68 34.4664
1.86 1.74 36.5985
1.86 1.8 38.8625
1.86 1.86 41.2559
1.86 1.92 43.7899
1.86 1.98 46.4757
1.86 2.04 49.3244
1.86 2.1 52.3472
1.86 2.16 55.5552
1.86 2.22 58.9595
1.86 2.28 62.5693
1.86 2.34 66.4346
1.86 2.4 70.6028
1.86 2.46 75.121
1.86 2.52 79.8379
1.86 2.58 84.4757
1.86 2.64 89.581
1.86 2.7 95.5484
1.86 2.76 101.585
1.86 2.82 107.775
1.86 2.88 114.42
1.86 2.94 121.512
1.86 3 128.893
1.92 0 6.76395
1.92 0.06 7.24895
1.92 0.12 7.71867
1.92 0.18 8.1876
1.92 0.24 8.68203
1.92 0.3 9.21186
1.92 0.36 9.77802
1.92 0.42 10.3815
1.92 0.48 11.0232
1.92 0.54 11.6939
1.92 0.6 12.39
1.92 0.66 13.1239
1.92 0.72 13.9204
1.92 0.78 14.7979
1.92 0.84 15.7595
1.92 0.9 16.7949
1.92 0.96 17.8615
1.92 1.02 18.9617
1.92 1.08 20.108
1.92 1.14 21.3308
1.92 1.2 22.6468
1.92 1.26 24.0485
1.92 1.32 25.5266
1.92 1.38 27.0972
1.92 1.44 28.7713
1.92 1.5 30.5555
1.92 1.56 32.4527
1.92 1.62 34.4663
1.92 1.68 36.5942
1.92 1.74 38.8485
1.92 1.8 41.2231
1.92 1.86 43.7446
1.92 1.92 46.4234
1.92 1.98 49.2707
1.92 2.04 52.2977
1.92 2.1 55.5154
1.92 2.16 58.9349
1.92 2.22 62.5674
1.92 2.28 66.4255
1.92 2.34 70.5636
1.92 2.4 75.0291
1.92 2.46 79.8569
1.92 2.52 84.6982
1.92 2.58 89.6375
1.92 2.64 95.1539
1.92 2.7 101.479
1.92 2.76 107.846
1.92 2.82 114.428
1.92 2.88 121.502
1.92 2.94 128.936
1.92 3 136.717
1.98 0 7.1932
1.98 0.06 7.69922
1.98 0.12 8.19083
1.98 0.18 8.68615
1.98 0.24 9.21418
1.98 0.3 9.77905
1.98 0.36 10.3817
1.98 0.42 11.0232
1.98 0.48 11.6938
1.98 0.54 12.3899
1.98 0.6 13.1236
1.98 0.66 13.9086
1.98 0.72 14.7668
1.98 0.78 15.7044
1.98 0.84 16.7245
1.98 0.9 17.8233
1.98 0.96 18.9554
1.98 1.02 20.1174
1.98 1.08 21.336
1.98 1.14 22.6452
1.98 1.2 24.0497
1.98 1.26 25.529
1.98 1.32 27.097
1.98 1.38 28.7705
1.98 1.44 30.5557
1.98 1.5 32.456
1.98 1.56 34.4694
1.98 1.62 36.5817
1.98 1.68 38.8473
1.98 1.74 41.2648
1.98 1.8 43.753
1.98 1.86 46.415
1.98 1.92 49.2524
1.98 1.98 52.2749
1.98 2.04 55.4934
1.98 2.1 58.9191
1.98 2.16 62.5631
1.98 2.22 66.4366
1.98 2.28 70.5549
1.98 2.34 74.9773
1.98 2.4 79.7515
1.98 2.46 84.8034
1.98 2.52 89.8497
1.98 2.58 95.1736
1.98 2.64 101.098
1.98 2.7 107.776
1.98 2.76 114.475
1.98 2.82 121.498
1.98 2.88 129.026
1.98 2.94 136.682
1.98 3 145.004
2.04 0 7.64955
2.04 0.06 8.17657
2.04 0.12 8.6901
2.04 0.18 9.21649
2.04 0.24 9.78008
2.04 0.3 10.382
2.04 0.36 11.0232
2.04 0.42 11.6938
2.04 0.48 12.3897
2.04 0.54 13.1232
2.04 0.6 13.9065
2.04 0.66 14.7532
2.04 0.72 15.6747
2.04 0.78 16.6741
2.04 0.84 17.7543
2.04 0.9 18.9159
2.04 0.96 20.1158
2.04 1.02 21.3439
2.04 1.08 22.6465
2.04 1.14 24.0495
2.04 1.2 25.5309
2.04 1.26 27.0982
2.04 1.32 28.7734
2.04 1.38 30.5622
2.04 1.44 32.4646
2.04 1.5 34.4616
2.04 1.56 36.5631
2.04 1.62 38.802
2.04 1.68 41.247
2.04 1.74 43.8354
2.04 1.8 46.4749
2.04 1.86 49.2819
2.04 1.92 52.2878
2.04 1.98 55.4979
2.04 2.04 58.9206
2.04 2.1 62.567
2.04 2.16 66.4481
2.04 2.22 70.5751
2.04 2.28 74.9654
2.04 2.34 79.6832
2.04 2.4 84.777
2.04 2.46 89.9929
2.04 2.52 95.3453
2.04 2.58 101.102
2.04 2.64 107.43
2.04 2.7 114.459
2.04 2.76 121.522
2.04 2.82 129.02
2.04 2.88 136.922
2.04 2.94 144.827
2.04 3 153.799
2.1 0 8.13418
2.1 0.06 8.68221
2.1 0.12 9.21881
2.1 0.18 9.78111
2.1 0.24 10.3822
2.1 0.3 11.0232
2.1 0.36 11.6937
2.1 0.42 12.3896
2.1 0.48 13.1228
2.1 0.54 13.9058
2.1 0.6 14.75
2.1 0.66 15.6632
2.1 0.72 16.6496
2.1 0.78 17.7123
2.1 0.84 18.8542
2.1 0.9 20.0781
2.1 0.96 21.348
2.1 1.02 22.6507
2.1 1.08 24.048
2.1 1.14 25.5323
2.1 1.2 27.101
2.1 1.26 28.7803
2.1 1.32 30.5736
2.1 1.38 32.459
2.1 1.44 34.4413
2.1 1.5 36.5362
2.1 1.56 38.7637
2.1 1.62 41.1774
2.1 1.68 43.8011
2.1 1.74 46.5608
2.1 1.8 49.3829
2.1 1.86 52.3556
2.1 1.92 55.5408
2.1 1.98 58.9475
2.1 2.04 62.5869
2.1 2.1 66.4665
2.1 2.16 70.5974
2.1 2.22 74.9906
2.1 2.28 79.6645
2.1 2.34 84.6892
2.1 2.4 90.0487
2.1 2.46 95.4813
2.1 2.52 101.228
2.1 2.58 107.44
2.1 2.64 114.169
2.1 2.7 121.545
2.1 2.76 129.02
2.1 2.82 137.008
2.1 2.88 145.234
2.1 2.94 153.445
2.1 3 163.153
2.16 0 8.64827
2.16 0.06 9.21733
2.16 0.12 9.78214
2.16 0.18 10.3825
2.16 0.24 11.0232
2.16 0.3 11.6937
2.16 0.36 12.3894
2.16 0.42 13.1225
2.16 0.48 13.9051
2.16 0.54 14.75
2.16 0.6 15.662
2.16 0.66 16.6436
2.16 0.72 17.6969
2.16 0.78 18.8245
2.16 0.84 20.0296
2.16 0.9 21.3154
2.16 0.96 22.6571
2.16 1.02 24.0464
2.16 1.08 25.5333
2.16 1.14 27.1057
2.16 1.2 28.7913
2.16 1.26 30.5687
2.16 1.32 32.4356
2.16 1.38 34.4075
2.16 1.44 36.5
2.16 1.5 38.7282
2.16 1.56 41.1248
2.16 1.62 43.7157
2.16 1.68 46.518
2.16 1.74 49.4491
2.16 1.8 52.4621
2.16 1.86 55.6273
2.16 1.92 59.014
2.16 1.98 62.6354
2.16 2.04 66.5
2.16 2.1 70.6254
2.16 2.16 75.0186
2.16 2.22 79.6906
2.16 2.28 84.6601
2.16 2.34 90.003
2.16 2.4 95.5712
2.16 2.46 101.331
2.16 2.52 107.528
2.16 2.58 114.189
2.16 2.64 121.333
2.16 2.7 129.053
2.16 2.76 137.008
2.16 2.82 145.434
2.16 2.88 154.037
2.16 2.94 162.65
2.16 3 173.114
2.22 0 9.19304
2.22 0.06 9.7831
2.22 0.12 10.3828
2.22 0.18 11.0232
2.22 0.24 11.6937
2.22 0.3 12.3892
2.22 0.36 13.1222
2.22 0.42 13.9096
2.22 0.48 14.7587
2.22 0.54 15.6719
2.22 0.6 16.6517
2.22 0.66 17.7007
2.22 0.72 18.8212
2.22 0.78 20.0158
2.22 0.84 21.286
2.22 0.9 22.635
2.22 0.96 24.0487
2.22 1.02 25.5337
2.22 1.08 27.1128
2.22 1.14 28.7859
2.22 1.2 30.5409
2.22 1.26 32.3936
2.22 1.32 34.3593
2.22 1.38 36.4536
2.22 1.44 38.6913
2.22 1.5 41.0852
2.22 1.56 43.6575
2.22 1.62 46.4251
2.22 1.68 49.4046
2.22 1.74 52.5087
2.22 1.8 55.7145
2.22 1.86 59.0924
2.22 1.92 62.6969
2.22 1.98 66.5556
2.22 2.04 70.6713
2.22 2.1 75.0512
2.22 2.16 79.7193
2.22 2.22 84.6827
2.22 2.28 89.9597
2.22 2.34 95.6026
2.22 2.4 101.412
2.22 2.46 107.612
2.22 2.52 114.258
2.22 2.58 121.363
2.22 2.64 128.94
2.22 2.7 137.007
2.22 2.76 145.495
2.22 2.82 154.369
2.22 2.88 163.404
2.22 2.94 172.51
2.22 3 183.73
2.28 0 9.76965
2.28 0.06 10.383
2.28 0.12 11.0232
2.28 0.18 11.6936
2.28 0.24 12.3892
2.28 0.3 13.1304
2.28 0.36 13.9279
2.28 0.42 14.7841
2.28 0.48 15.7014
2.28 0.54 16.6823
2.28 0.6 17.7294
2.28 0.66 18.845
2.28 0.72 20.0316
2.28 0.78 21.2918
2.28 0.84 22.6279
2.28 0.9 24.0424
2.28 0.96 25.5337
2.28 1.02 27.1053
2.28 1.08 28.7521
2.28 1.14 30.4915
2.28 1.2 32.3385
2.28 1.26 34.3055
2.28 1.32 36.4052
2.28 1.38 38.6501
2.28 1.44 41.0526
2.28 1.5 43.6222
2.28 1.56 46.3696
2.28 1.62 49.3133
2.28 1.68 52.4685
2.28 1.74 55.7477
2.28 1.8 59.1483
2.28 1.86 62.74
2.28 1.92 66.5825
2.28 1.98 70.6974
2.28 2.04 75.0862
2.28 2.1 79.7543
2.28 2.16 84.7071
2.28 2.22 89.9746
2.28 2.28 95.5712
2.28 2.34 101.468
2.28 2.4 107.688
2.28 2.46 114.337
2.28 2.52 121.428
2.28 2.58 128.973
2.28 2.64 136.988
2.28 2.7 145.486
2.28 2.76 154.508
2.28 2.82 163.886
2.28 2.88 173.411
2.28 2.94 183.074
2.28 3 195.05
2.34 0 10.3793
2.34 0.06 11.0232
2.34 0.12 11.6936
2.34 0.18 12.4001
2.34 0.24 13.1574
2.34 0.3 13.9678
2.34 0.36 14.834
2.34 0.42 15.7583
2.34 0.48 16.7432
2.34 0.54 17.7912
2.34 0.6 18.9047
2.34 0.66 20.085
2.34 0.72 21.3344
2.34 0.78 22.6554
2.34 0.84 24.0501
2.34 0.9 25.5317
2.34 0.96 27.1183
2.34 1.02 28.7909
2.34 1.08 30.5355
2.34 1.14 32.379
2.34 1.2 34.34
2.34 1.26 36.431
2.34 1.32 38.6646
2.34 1.38 41.0533
2.34 1.44 43.6096
2.34 1.5 46.3461
2.34 1.56 49.2691
2.34 1.62 52.3882
2.34 1.68 55.718
2.34 1.74 59.1744
2.34 1.8 62.7712
2.34 1.86 66.597
2.34 1.92 70.6941
2.34 1.98 75.0723
2.34 2.04 79.7413
2.34 2.1 84.7108
2.34 2.16 89.99
2.34 2.22 95.5737
2.34 2.28 101.493
2.34 2.34 107.752
2.34 2.4 114.422
2.34 2.46 121.517
2.34 2.52 129.051
2.34 2.58 137.034
2.34 2.64 145.476
2.34 2.7 154.467
2.34 2.76 164.103
2.34 2.82 174.057
2.34 2.88 184.132
2.34 2.94 194.39
2.34 3 207.122
2.4 0 11.0232
2.4 0.06 11.7059
2.4 0.12 12.4328
2.4 0.18 13.2062
2.4 0.24 14.0285
2.4 0.3 14.9021
2.4 0.36 15.8294
2.4 0.42 16.8129
2.4 0.48 17.8549
2.4 0.54 18.9579
2.4 0.6 20.1242
2.4 0.66 21.3563
2.4 0.72 22.6574
2.4 0.78 24.0469
2.4 0.84 25.5265
2.4 0.9 27.0741
2.4 0.96 28.7824
2.4 1.02 30.6071
2.4 1.08 32.5052
2.4 1.14 34.4954
2.4 1.2 36.5925
2.4 1.26 38.8104
2.4 1.32 41.1665
2.4 1.38 43.6868
2.4 1.44 46.3847
2.4 1.5 49.2726
2.4 1.56 52.3632
2.4 1.62 55.6579
2.4 1.68 59.1613
2.4 1.74 62.7965
2.4 1.8 66.628
2.4 1.86 70.7279
2.4 1.92 75.106
2.4 1.98 79.772
2.4 2.04 84.7357
2.4 2.1 90.0068
2.4 2.16 95.594
2.4 2.22 101.495
2.4 2.28 107.801
2.4 2.34 114.505
2.4 2.4 121.612
2.4 2.46 129.138
2.4 2.52 137.094
2.4 2.58 145.491
2.4 2.64 154.445
2.4 2.7 163.811
2.4 2.76 174.177
2.4 2.82 184.857
2.4 2.88 195.604
2.4 2.94 206.507
2.4 3 219.995
2.46 0 11.7042
2.46 0.06 12.4429
2.46 0.12 13.2271
2.46 0.18 14.0573
2.46 0.24 14.9355
2.46 0.3 15.864
2.46 0.36 16.8454
2.46 0.42 17.8819
2.46 0.48 18.9761
2.46 0.54 20.1303
2.46 0.6 21.3493
2.46 0.66 22.6506
2.46 0.72 24.0469
2.46 0.78 25.5178
2.46 0.84 27.0489
2.46 0.9 28.6978
2.46 0.96 30.5275
2.46 1.02 32.5019
2.46 1.08 34.5525
2.46 1.14 36.6964
2.46 1.2 38.953
2.46 1.26 41.3369
2.46 1.32 43.8623
2.46 1.38 46.5429
2.46 1.44 49.3929
2.46 1.5 52.4262
2.46 1.56 55.6657
2.46 1.62 59.1303
2.46 1.68 62.8067
2.46 1.74 66.6673
2.46 1.8 70.7923
2.46 1.86 75.1926
2.46 1.92 79.8653
2.46 1.98 84.8169
2.46 2.04 90.0598
2.46 2.1 95.6065
2.46 2.16 101.469
2.46 2.22 107.703
2.46 2.28 114.509
2.46 2.34 121.67
2.46 2.4 129.204
2.46 2.46 137.151
2.46 2.52 145.519
2.46 2.58 154.476
2.46 2.64 163.859
2.46 2.7 173.68
2.46 2.76 184.706
2.46 2.82 196.274
2.46 2.88 207.851
2.46 2.94 219.473
2.46 3 233.717
2.52 0 12.4266
2.52 0.06 13.2191
2.52 0.12 14.0563
2.52 0.18 14.94
2.52 0.24 15.8719
2.52 0.3 16.8529
2.52 0.36 17.8858
2.52 0.42 18.973
2.52 0.48 20.1199
2.52 0.54 21.3406
2.52 0.6 22.6467
2.52 0.66 24.0463
2.52 0.72 25.5051
2.52 0.78 27.0278
2.52 0.84 28.6422
2.52 0.9 30.4179
2.52 0.96 32.3731
2.52 1.02 34.4936
2.52 1.08 36.6961
2.52 1.14 38.9929
2.52 1.2 41.403
2.52 1.26 43.9464
2.52 1.32 46.6376
2.52 1.38 49.4907
2.52 1.44 52.5197
2.52 1.5 55.7386
2.52 1.56 59.1613
2.52 1.62 62.8036
2.52 1.68 66.6746
2.52 1.74 70.7962
2.52 1.8 75.1806
2.52 1.86 79.8351
2.52 1.92 84.7721
2.52 1.98 90.004
2.52 2.04 95.5432
2.52 2.1 101.402
2.52 2.16 107.602
2.52 2.22 114.304
2.52 2.28 121.61
2.52 2.34 129.247
2.52 2.4 137.213
2.52 2.46 145.566
2.52 2.52 154.462
2.52 2.58 163.99
2.52 2.64 173.783
2.52 2.7 184.152
2.52 2.76 195.735
2.52 2.82 208.307
2.52 2.88 220.878
2.52 2.94 233.337
2.52 3 248.336
2.58 0 13.1937
2.58 0.06 14.0401
2.58 0.12 14.93
2.58 0.18 15.8654
2.58 0.24 16.8481
2.58 0.3 17.8799
2.58 0.36 18.9631
2.58 0.42 20.1106
2.58 0.48 21.3342
2.58 0.54 22.6454
2.58 0.6 24.0412
2.58 0.66 25.4882
2.58 0.72 27.0028
2.58 0.78 28.6054
2.58 0.84 30.3412
2.58 0.9 32.2482
2.58 0.96 34.333
2.58 1.02 36.5958
2.58 1.08 38.9548
2.58 1.14 41.4035
2.58 1.2 43.967
2.58 1.26 46.6637
2.58 1.32 49.5139
2.58 1.38 52.5331
2.58 1.44 55.7419
2.58 1.5 59.159
2.58 1.56 62.803
2.58 1.62 66.6797
2.58 1.68 70.7812
2.58 1.74 75.0849
2.58 1.8 79.6609
2.58 1.86 84.5804
2.58 1.92 89.8331
2.58 1.98 95.3994
2.58 2.04 101.289
2.58 2.1 107.511
2.58 2.16 114.145
2.58 2.22 121.329
2.58 2.28 129.137
2.58 2.34 137.242
2.58 2.4 145.637
2.58 2.46 154.482
2.58 2.52 164.037
2.58 2.58 173.982
2.58 2.64 184.29
2.58 2.7 195.297
2.58 2.76 207.5
2.58 2.82 220.955
2.58 2.88 234.682
2.58 2.94 248.147
2.58 3 263.902
2.64 0 14.0086
2.64 0.06 14.9089
2.64 0.12 15.8516
2.64 0.18 16.8387
2.64 0.24 17.872
2.64 0.3 18.9548
2.64 0.36 20.1032
2.64 0.42 21.3298
2.64 0.48 22.6464
2.64 0.54 24.0312
2.64 0.6 25.4667
2.64 0.66 26.9735
2.64 0.72 28.5721
2.64 0.78 30.287
2.64 0.84 32.1599
2.64 0.9 34.2023
2.64 0.96 36.4209
2.64 1.02 38.8223
2.64 1.08 41.3423
2.64 1.14 43.9474
2.64 1.2 46.6628
2.64 1.26 49.5115
2.64 1.32 52.5298
2.64 1.38 55.7388
2.64 1.44 59.1568
2.64 1.5 62.8031
2.64 1.56 66.67
2.64 1.62 70.7597
2.64 1.68 75.1087
2.64 1.74 79.7061
2.64 1.8 84.549
2.64 1.86 89.6854
2.64 1.92 95.212
2.64 1.98 101.123
2.64 2.04 107.409
2.64 2.1 114.052
2.64 2.16 121.143
2.64 2.22 128.811
2.64 2.28 137.12
2.64 2.34 145.694
2.64 2.4 154.539
2.64 2.46 164.013
2.64 2.52 174.112
2.64 2.58 184.526
2.64 2.64 195.453
2.64 2.7 207.185
2.64 2.76 220.089
2.64 2.82 234.252
2.64 2.88 249.262
2.64 2.94 263.952
2.64 3 280.463
2.7 0 14.8747
2.7 0.06 15.8289
2.7 0.12 16.8244
2.7 0.18 17.8631
2.7 0.24 18.9478
2.7 0.3 20.0973
2.7 0.36 21.3274
2.7 0.42 22.646
2.7 0.48 24.0159
2.7 0.54 25.4402
2.7 0.6 26.9395
2.7 0.66 28.5343
2.7 0.72 30.2447
2.7 0.78 32.0977
2.7 0.84 34.1118
2.7 0.9 36.2938
2.7 0.96 38.6504
2.7 1.02 41.1883
2.7 1.08 43.8721
2.7 1.14 46.6382
2.7 1.2 49.5094
2.7 1.26 52.5269
2.7 1.32 55.7359
2.7 1.38 59.1549
2.7 1.44 62.8029
2.7 1.5 66.6568
2.7 1.56 70.7214
2.7 1.62 75.0412
2.7 1.68 79.6545
2.7 1.74 84.5615
2.7 1.8 89.7622
2.7 1.86 95.2542
2.7 1.92 101.065
2.7 1.98 107.308
2.7 2.04 113.983
2.7 2.1 121.08
2.7 2.16 128.628
2.7 2.22 136.779
2.7 2.28 145.588
2.7 2.34 154.632
2.7 2.4 164.022
2.7 2.46 174.175
2.7 2.52 184.706
2.7 2.58 195.693
2.7 2.64 207.346
2.7 2.7 219.887
2.7 2.76 233.572
2.7 2.82 248.483
2.7 2.88 264.617
2.7 2.94 280.732
2.7 3 298.066
2.76 0 15.7951
2.76 0.06 16.8032
2.76 0.12 17.8515
2.76 0.18 18.9418
2.76 0.24 20.0929
2.76 0.3 21.3267
2.76 0.36 22.6397
2.76 0.42 23.9949
2.76 0.48 25.4084
2.76 0.54 26.9005
2.76 0.6 28.4918
2.76 0.66 30.2027
2.76 0.72 32.0511
2.76 0.78 34.0511
2.76 0.84 36.2107
2.76 0.9 38.5365
2.76 0.96 41.0353
2.76 1.02 43.7137
2.76 1.08 46.558
2.76 1.14 49.4896
2.76 1.2 52.5241
2.76 1.26 55.7332
2.76 1.32 59.1532
2.76 1.38 62.8015
2.76 1.44 66.6396
2.76 1.5 70.6764
2.76 1.56 74.9563
2.76 1.62 79.5234
2.76 1.68 84.4179
2.76 1.74 89.6503
2.76 1.8 95.2246
2.76 1.86 101.138
2.76 1.92 107.389
2.76 1.98 113.99
2.76 2.04 121.057
2.76 2.1 128.607
2.76 2.16 136.63
2.76 2.22 145.263
2.76 2.28 154.574
2.76 2.34 164.086
2.76 2.4 174.173
2.76 2.46 184.834
2.76 2.52 195.893
2.76 2.58 207.558
2.76 2.64 220.04
2.76 2.7 233.474
2.76 2.76 248.022
2.76 2.82 263.761
2.76 2.88 280.768
2.76 2.94 298.447
2.76 3 316.761
2.82 0 16.7732
2.82 0.06 17.8351
2.82 0.12 18.9362
2.82 0.18 20.0897
2.82 0.24 21.3276
2.82 0.3 22.6271
2.82 0.36 23.9681
2.82 0.42 25.3709
2.82 0.48 26.8561
2.82 0.54 28.4442
2.82 0.6 30.1584
2.82 0.66 32.0108
2.82 0.72 34.0092
2.82 0.78 36.161
2.82 0.84 38.4701
2.82 0.9 40.9439
2.82 0.96 43.589
2.82 1.02 46.4122
2.82 1.08 49.4136
2.82 1.14 52.5152
2.82 1.2 55.7307
2.82 1.26 59.1517
2.82 1.32 62.7987
2.82 1.38 66.618
2.82 1.44 70.6242
2.82 1.5 74.8613
2.82 1.56 79.3736
2.82 1.62 84.2055
2.82 1.68 89.3981
2.82 1.74 94.9718
2.82 1.8 100.936
2.82 1.86 107.287
2.82 1.92 114.024
2.82 1.98 121.144
2.82 2.04 128.648
2.82 2.1 136.649
2.82 2.16 145.179
2.82 2.22 154.295
2.82 2.28 164.106
2.82 2.34 174.165
2.82 2.4 184.912
2.82 2.46 196.054
2.82 2.52 207.745
2.82 2.58 220.187
2.82 2.64 233.578
2.82 2.7 248.005
2.82 2.76 263.508
2.82 2.82 280.156
2.82 2.88 298.038
2.82 2.94 317.097
2.82 3 336.597
2.88 0 17.8121
2.88 0.06 18.9279
2.88 0.12 20.0876
2.88 0.18 21.3261
2.88 0.24 22.6079
2.88 0.3 23.9349
2.88 0.36 25.3277
2.88 0.42 26.8181
2.88 0.48 28.4235
2.88 0.54 30.1516
2.88 0.6 32.0101
2.88 0.66 34.0068
2.88 0.72 36.1495
2.88 0.78 38.4459
2.88 0.84 40.9037
2.88 0.9 43.5297
2.88 0.96 46.3253
2.88 1.02 49.2974
2.88 1.08 52.4525
2.88 1.14 55.7284
2.88 1.2 59.1503
2.88 1.26 62.7937
2.88 1.32 66.5916
2.88 1.38 70.5642
2.88 1.44 74.7557
2.88 1.5 79.2105
2.88 1.56 83.9765
2.88 1.62 89.1036
2.88 1.68 94.6163
2.88 1.74 100.539
2.88 1.8 106.895
2.88 1.86 113.7
2.88 1.92 120.938
2.88 1.98 128.608
2.88 2.04 136.707
2.88 2.1 145.233
2.88 2.16 154.274
2.88 2.22 163.903
2.88 2.28 174.216
2.88 2.34 184.942
2.88 2.4 196.18
2.88 2.46 207.906
2.88 2.52 220.388
2.88 2.58 233.785
2.88 2.64 248.158
2.88 2.7 263.569
2.88 2.76 280.076
2.88 2.82 297.739
2.88 2.88 316.577
2.88 2.94 336.691
2.88 3 357.621
2.94 0 18.9152
2.94 0.06 20.0862
2.94 0.12 21.3173
2.94 0.18 22.5819
2.94 0.24 23.9132
2.94 0.3 25.3362
2.94 0.36 26.8586
2.94 0.42 28.4882
2.94 0.48 30.2328
2.94 0.54 32.1001
2.94 0.6 34.0979
2.94 0.66 36.2338
2.94 0.72 38.5157
2.94 0.78 40.9513
2.94 0.84 43.5484
2.94 0.9 46.3146
2.94 0.96 49.2578
2.94 1.02 52.3831
2.94 1.08 55.6897
2.94 1.14 59.1492
2.94 1.2 62.7863
2.94 1.26 66.5599
2.94 1.32 70.4971
2.94 1.38 74.6787
2.94 1.44 79.1503
2.94 1.5 83.9357
2.94 1.56 89.059
2.94 1.62 94.5441
2.94 1.68 100.415
2.94 1.74 106.695
2.94 1.8 113.409
2.94 1.86 120.581
2.94 1.92 128.234
2.94 1.98 136.393
2.94 2.04 145.08
2.94 2.1 154.268
2.94 2.16 163.928
2.94 2.22 174.12
2.94 2.28 184.937
2.94 2.34 196.272
2.94 2.4 208.111
2.94 2.46 220.735
2.94 2.52 234.214
2.94 2.58 248.608
2.94 2.64 263.979
2.94 2.7 280.387
2.94 2.76 297.892
2.94 2.82 316.555
2.94 2.88 336.438
2.94 2.94 357.572
2.94 3 379.882
3 0 20.0855
3 0.06 21.3223
3 0.12 22.6275
3 0.18 24.009
3 0.24 25.4744
3 0.3 27.0315
3 0.36 28.688
3 0.42 30.4517
3 0.48 32.3304
3 0.54 34.3318
3 0.6 36.4637
3 0.66 38.7337
3 0.72 41.1497
3 0.78 43.7195
3 0.84 46.4506
3 0.9 49.351
3 0.96 52.4283
3 1.02 55.6903
3 1.08 59.1447
3 1.14 62.7947
3 1.2 66.6404
3 1.26 70.7042
3 1.32 75.0102
3 1.38 79.5821
3 1.44 84.4441
3 1.5 89.62
3 1.56 95.1337
3 1.62 101.009
3 1.68 107.27
3 1.74 113.941
3 1.8 121.046
3 1.86 128.608
3 1.92 136.651
3 1.98 145.2
3 2.04 154.278
3 2.1 163.91
3 2.16 174.119
3 2.22 184.928
3 2.28 196.365
3 2.34 208.474
3 2.4 221.316
3 2.46 234.952
3 2.52 249.443
3 2.58 264.85
3 2.64 281.232
3 2.7 298.652
3 2.76 317.169
3 2.82 336.844
3 2.88 357.739
3 2.94 379.914
3 3 403.429
