0 0 0
0 0.06 0
0 0.12 0
0 0.18 0
0 0.24 0
0 0.3 0
0 0.36 0
0 0.42 0
0 0.48 0
0 0.54 0
0 0.6 0
0 0.66 -4.44089e-16
0 0.72 -4.44089e-16
0 0.78 -4.44089e-16
0 0.84 2.22045e-16
0 0.9 -6.66134e-16
0 0.96 -2.22045e-16
0 1.02 -8.88178e-16
0 1.08 0
0 1.14 0
0 1.2 0
0 1.26 0
0 1.32 -8.88178e-16
0 1.38 0
0 1.44 4.44089e-16
0 1.5 -8.88178e-16
0 1.56 0
0 1.62 -8.88178e-16
0 1.68 -8.88178e-16
0 1.74 0
0 1.8 0
0 1.86 -8.88178e-16
0 1.92 0
0 1.98 -3.55271e-15
0 2.04 0
0 2.1 3.55271e-15
0 2.16 -1.77636e-15
0 2.22 -1.77636e-15
0 2.28 1.77636e-15
0 2.34 -1.77636e-15
0 2.4 1.77636e-15
0 2.46 1.77636e-15
0 2.52 -3.55271e-15
0 2.58 0
0 2.64 3.55271e-15
0 2.7 -7.10543e-15
0 2.76 0
0 2.82 -3.55271e-15
0 2.88 7.10543e-15
0 2.94 -7.10543e-15
0 3 0
0.06 0 0
0.06 0.06 0.000214154
0.06 0.12 -0.00294739
0.06 0.18 0.00261552
0.06 0.24 0.0088184
0.06 0.3 0.0141573
0.06 0.36 0.0186322
0.06 0.42 0.0222431
0.06 0.48 0.02499
0.06 0.54 0.0268728
0.06 0.6 0.0278917
0.06 0.66 0.0280466
0.06 0.72 0.0273375
0.06 0.78 0.0257644
0.06 0.84 0.0233273
0.06 0.9 0.0200262
0.06 0.96 0.0158611
0.06 1.02 0.0108319
0.06 1.08 0.00494795
0.06 1.14 0.000670487
0.06 1.2 -0.00103902
0.06 1.26 0.00360526
0.06 1.32 0.0105263
0.06 1.38 0.00268831
0.06 1.44 -0.0126397
0.06 1.5 -0.0206496
0.06 1.56 -0.0222014
0.06 1.62 -0.0185
0.06 1.68 -0.0107507
0.06 1.74 -0.0020113
0.06 1.8 0.00586408
0.06 1.86 0.0128755
0.06 1.92 0.0190228
0.06 1.98 0.0243062
0.06 2.04 0.0287256
0.06 2.1 0.032281
0.06 2.16 0.0349724
0.06 2.22 0.0367997
0.06 2.28 0.0377631
0.06 2.34 0.0378625
0.06 2.4 0.0370979
0.06 2.46 0.0354693
0.06 2.52 0.0329766
0.06 2.58 0.02962
0.06 2.64 0.0255652
0.06 2.7 0.021182
0.06 2.76 0.0160971
0.06 2.82 0.0101662
0.06 2.88 0.00324519
0.06 2.94 -0.00353038
0.06 3 7.10543e-15
0.12 0 -2.22045e-16
0.12 0.06 0.0105791
0.12 0.12 0.000784647
0.12 0.18 -0.00949114
0.12 0.24 -0.00968165
0.12 0.3 -0.00238936
0.12 0.36 0.00769123
0.12 0.42 0.0160989
0.12 0.48 0.0227786
0.12 0.54 0.0277302
0.12 0.6 0.0309539
0.12 0.66 0.0324496
0.12 0.72 0.0322173
0.12 0.78 0.0302569
0.12 0.84 0.0265686
0.12 0.9 0.0211523
0.12 0.96 0.0140298
0.12 1.02 0.00712172
0.12 1.08 0.00218921
0.12 1.14 -2.66727e-05
0.12 1.2 -0.00360727
0.12 1.26 -0.00031991
0.12 1.32 0.01306
0.12 1.38 0.0289209
0.12 1.44 0.0358503
0.12 1.5 0.0287714
0.12 1.56 0.00880377
0.12 1.62 -0.0182725
0.12 1.68 -0.0373266
0.12 1.74 -0.0483724
0.12 1.8 -0.0526148
0.12 1.86 -0.0512591
0.12 1.92 -0.0455101
0.12 1.98 -0.036573
0.12 2.04 -0.0256528
0.12 2.1 -0.0139545
0.12 2.16 -0.00262218
0.12 2.22 0.00743808
0.12 2.28 0.0159955
0.12 2.34 0.0229182
0.12 2.4 0.0279429
0.12 2.46 0.0309255
0.12 2.52 0.0317217
0.12 2.58 0.0301873
0.12 2.64 0.026178
0.12 2.7 0.0195497
0.12 2.76 0.010158
0.12 2.82 -0.00219998
0.12 2.88 -0.011337
0.12 2.94 -0.0109839
0.12 3 -3.55271e-15
0.18 0 0
0.18 0.06 0.0218998
0.18 0.12 0.0171008
0.18 0.18 0.00160352
0.18 0.24 -0.0143816
0.18 0.3 -0.0197422
0.18 0.36 -0.0170409
0.18 0.42 -0.00891202
0.18 0.48 0.00186454
0.18 0.54 0.0110709
0.18 0.6 0.0176852
0.18 0.66 0.0217076
0.18 0.72 0.0231379
0.18 0.78 0.0219763
0.18 0.84 0.0182513
0.18 0.9 0.0132299
0.18 0.96 0.00812966
0.18 1.02 0.00370194
0.18 1.08 0.000698156
0.18 1.14 -0.00139933
0.18 1.2 -0.00722008
0.18 1.26 -0.00654009
0.18 1.32 0.00762363
0.18 1.38 0.0260386
0.18 1.44 0.0457529
0.18 1.5 0.0620095
0.18 1.56 0.066243
0.18 1.62 0.0591354
0.18 1.68 0.0418062
0.18 1.74 0.0153748
0.18 1.8 -0.0167038
0.18 1.86 -0.0403719
0.18 1.92 -0.0544815
0.18 1.98 -0.0602375
0.18 2.04 -0.0588452
0.18 2.1 -0.0515094
0.18 2.16 -0.0394354
0.18 2.22 -0.023828
0.18 2.28 -0.00654912
0.18 2.34 0.00754448
0.18 2.4 0.0176786
0.18 2.46 0.0237089
0.18 2.52 0.0254913
0.18 2.58 0.0228815
0.18 2.64 0.0157352
0.18 2.7 0.00390837
0.18 2.76 -0.0108924
0.18 2.82 -0.0206175
0.18 2.88 -0.0232184
0.18 2.94 -0.0117717
0.18 3 -3.55271e-15
0.24 0 -2.22045e-16
0.24 0.06 0.0310858
0.24 0.12 0.0338435
0.24 0.18 0.0223735
0.24 0.24 0.00256283
0.24 0.3 -0.0177268
0.24 0.36 -0.0268683
0.24 0.42 -0.0273691
0.24 0.48 -0.0218632
0.24 0.54 -0.012985
0.24 0.6 -0.0033684
0.24 0.66 0.00431932
0.24 0.72 0.00861795
0.24 0.78 0.0100007
0.24 0.84 0.0092501
0.24 0.9 0.00711756
0.24 0.96 0.00435447
0.24 1.02 0.00171226
0.24 1.08 -8.01891e-05
0.24 1.14 -0.00403805
0.24 1.2 -0.0113928
0.24 1.26 -0.0126982
0.24 1.32 -0.00102393
0.24 1.38 0.0189141
0.24 1.44 0.0402152
0.24 1.5 0.0614239
0.24 1.56 0.0806822
0.24 1.62 0.0912254
0.24 1.68 0.0919752
0.24 1.74 0.084051
0.24 1.8 0.0685725
0.24 1.86 0.046659
0.24 1.92 0.01943
0.24 1.98 -0.0110908
0.24 2.04 -0.0329426
0.24 2.1 -0.0436857
0.24 2.16 -0.0445251
0.24 2.22 -0.036666
0.24 2.28 -0.0213132
0.24 2.34 -0.0032565
0.24 2.4 0.00903357
0.24 2.46 0.0151583
0.24 2.52 0.0149736
0.24 2.58 0.00833502
0.24 2.64 -0.00480783
0.24 2.7 -0.0184453
0.24 2.76 -0.0285695
0.24 2.82 -0.0337551
0.24 2.88 -0.0322159
0.24 2.94 -0.00542136
0.24 3 0
0.3 0 -2.22045e-16
0.3 0.06 0.0381118
0.3 0.12 0.048918
0.3 0.18 0.0412382
0.3 0.24 0.0262892
0.3 0.3 0.00355461
0.3 0.36 -0.0196346
0.3 0.42 -0.0311681
0.3 0.48 -0.0334818
0.3 0.54 -0.02921
0.3 0.6 -0.0209868
0.3 0.66 -0.0114464
0.3 0.72 -0.00344381
0.3 0.78 0.0012362
0.3 0.84 0.0032312
0.3 0.9 0.00329259
0.3 0.96 0.0021718
0.3 1.02 0.000620211
0.3 1.08 -0.00161931
0.3 1.14 -0.0074564
0.3 1.2 -0.0156406
0.3 1.26 -0.0183097
0.3 1.32 -0.0100255
0.3 1.38 0.00917747
0.3 1.44 0.0312324
0.3 1.5 0.0532642
0.3 1.56 0.073812
0.3 1.62 0.0914144
0.3 1.68 0.103235
0.3 1.74 0.106839
0.3 1.8 0.103318
0.3 1.86 0.0937892
0.3 1.92 0.0793735
0.3 1.98 0.0611901
0.3 2.04 0.0403583
0.3 2.1 0.0179977
0.3 2.16 -0.00459047
0.3 2.22 -0.0181958
0.3 2.28 -0.0191422
0.3 2.34 -0.00862305
0.3 2.4 0.00286967
0.3 2.46 0.00613551
0.3 2.52 0.00103025
0.3 2.58 -0.010394
0.3 2.64 -0.0220562
0.3 2.7 -0.0323907
0.3 2.76 -0.0399721
0.3 2.82 -0.0433748
0.3 2.88 -0.0359598
0.3 2.94 0.00527526
0.3 3 0
0.36 0 -2.22045e-16
0.36 0.06 0.0429778
0.36 0.12 0.0597459
0.36 0.18 0.0570843
0.36 0.24 0.0457784
0.36 0.3 0.0287399
0.36 0.36 0.00447092
0.36 0.42 -0.020213
0.36 0.48 -0.0327494
0.36 0.54 -0.0354871
0.36 0.6 -0.0310603
0.36 0.66 -0.0221032
0.36 0.72 -0.011666
0.36 0.78 -0.00438363
0.36 0.84 -0.000337916
0.36 0.9 0.00122254
0.36 0.96 0.00104915
0.36 1.02 -0.000138629
0.36 1.08 -0.00415835
0.36 1.14 -0.0111679
0.36 1.2 -0.019479
0.36 1.26 -0.0228897
0.36 1.32 -0.0173738
0.36 1.38 -0.00174629
0.36 1.44 0.0202305
0.36 1.5 0.0422527
0.36 1.56 0.06286
0.36 1.62 0.0805913
0.36 1.68 0.0939857
0.36 1.74 0.101787
0.36 1.8 0.103244
0.36 1.86 0.0991222
0.36 1.92 0.0905412
0.36 1.98 0.0786207
0.36 2.04 0.0644801
0.36 2.1 0.0492389
0.36 2.16 0.0340166
0.36 2.22 0.0199326
0.36 2.28 0.00810647
0.36 2.34 -0.000360053
0.36 2.4 4.85773e-05
0.36 2.46 -0.00221024
0.36 2.52 -0.00942486
0.36 2.58 -0.0189228
0.36 2.64 -0.0292787
0.36 2.7 -0.0390669
0.36 2.76 -0.046862
0.36 2.82 -0.0507291
0.36 2.88 -0.0345317
0.36 2.94 0.00957064
0.36 3 0
0.42 0 -2.22045e-16
0.42 0.06 0.0456838
0.42 0.12 0.0662538
0.42 0.18 0.0683867
0.42 0.24 0.0599171
0.42 0.3 0.0473561
0.42 0.36 0.0296177
0.42 0.42 0.00520379
0.42 0.48 -0.01957
0.42 0.54 -0.0317202
0.42 0.6 -0.0334929
0.42 0.66 -0.0275221
0.42 0.72 -0.0165812
0.42 0.78 -0.00739127
0.42 0.84 -0.00198972
0.42 0.9 0.000374925
0.42 0.96 0.000454057
0.42 1.02 -0.00168519
0.42 1.08 -0.00721087
0.42 1.14 -0.0146862
0.42 1.2 -0.0224232
0.42 1.26 -0.0259536
0.42 1.32 -0.0225841
0.42 1.38 -0.0111295
0.42 1.44 0.00863584
0.42 1.5 0.0298153
0.42 1.56 0.0496493
0.42 1.62 0.0666767
0.42 1.68 0.0794363
0.42 1.74 0.0867005
0.42 1.8 0.0879199
0.42 1.86 0.0838993
0.42 1.92 0.0757601
0.42 1.98 0.0646233
0.42 2.04 0.0516103
0.42 2.1 0.0378422
0.42 2.16 0.0244402
0.42 2.22 0.0125256
0.42 2.28 0.00321957
0.42 2.34 -0.00246369
0.42 2.4 -0.0018414
0.42 2.46 0.000921016
0.42 2.52 -0.00624284
0.42 2.58 -0.0164311
0.42 2.64 -0.0282372
0.42 2.7 -0.0402358
0.42 2.76 -0.0510012
0.42 2.82 -0.0544396
0.42 2.88 -0.0278783
0.42 2.94 0.00759786
0.42 3 -3.55271e-15
0.48 0 0
0.48 0.06 0.0462298
0.48 0.12 0.0684418
0.48 0.18 0.0733125
0.48 0.24 0.0675923
0.48 0.3 0.05829
0.48 0.36 0.0458635
0.48 0.42 0.0288146
0.48 0.48 0.00564527
0.48 0.54 -0.0178134
0.48 0.6 -0.0281885
0.48 0.66 -0.0276071
0.48 0.72 -0.0187032
0.48 0.78 -0.00831919
0.48 0.84 -0.00225668
0.48 0.9 0.000217268
0.48 0.96 -0.000180072
0.48 1.02 -0.00396551
0.48 1.08 -0.0102904
0.48 1.14 -0.0175248
0.48 1.2 -0.0239885
0.48 1.26 -0.0270168
0.48 1.32 -0.0251717
0.48 1.38 -0.0172682
0.48 1.44 -0.00212125
0.48 1.5 0.0173783
0.48 1.56 0.0356061
0.48 1.62 0.0510966
0.48 1.68 0.0623887
0.48 1.74 0.0681944
0.48 1.8 0.0679817
0.48 1.86 0.0628409
0.48 1.92 0.0538932
0.48 1.98 0.0422596
0.48 2.04 0.0290616
0.48 2.1 0.0154202
0.48 2.16 0.00245664
0.48 2.22 -0.00869846
0.48 2.28 -0.0158021
0.48 2.34 -0.017499
0.48 2.4 -0.0101255
0.48 2.46 0.00766241
0.48 2.52 0.00812036
0.48 2.58 -0.00468074
0.48 2.64 -0.0206938
0.48 2.7 -0.0376592
0.48 2.76 -0.0535567
0.48 2.82 -0.0549443
0.48 2.88 -0.0159462
0.48 2.94 0.000577444
0.48 3 -3.55271e-15
0.54 0 1.11022e-16
0.54 0.06 0.0446157
0.54 0.12 0.0663097
0.54 0.18 0.0717583
0.54 0.24 0.0676382
0.54 0.3 0.0604285
0.54 0.36 0.0520951
0.54 0.42 0.0411925
0.54 0.48 0.0262226
0.54 0.54 0.00568741
0.54 0.6 -0.0150512
0.54 0.66 -0.0222622
0.54 0.72 -0.0179377
0.54 0.78 -0.00769987
0.54 0.84 -0.00167127
0.54 0.9 0.000217096
0.54 0.96 -0.00157503
0.54 1.02 -0.00649315
0.54 1.08 -0.0129105
0.54 1.14 -0.0191972
0.54 1.2 -0.0235673
0.54 1.26 -0.0255945
0.54 1.32 -0.0246519
0.54 1.38 -0.0196775
0.54 1.44 -0.00948637
0.54 1.5 0.00636776
0.54 1.56 0.0221564
0.54 1.62 0.0352772
0.54 1.68 0.0443039
0.54 1.74 0.0473454
0.54 1.8 0.0446493
0.54 1.86 0.0373367
0.54 1.92 0.0265289
0.54 1.98 0.0133471
0.54 2.04 -0.00111448
0.54 2.1 -0.0154084
0.54 2.16 -0.0274472
0.54 2.22 -0.0359934
0.54 2.28 -0.0398091
0.54 2.34 -0.0376008
0.54 2.4 -0.0235367
0.54 2.46 0.005127
0.54 2.52 0.0196158
0.54 2.58 0.0123133
0.54 2.64 -0.00832707
0.54 2.7 -0.0330992
0.54 2.76 -0.0542443
0.54 2.82 -0.0521898
0.54 2.88 0.00121908
0.54 2.94 -0.0102701
0.54 3 3.55271e-15
0.6 0 0
0.6 0.06 0.0408417
0.6 0.12 0.0598576
0.6 0.18 0.0637241
0.6 0.24 0.0591292
0.6 0.3 0.0529607
0.6 0.36 0.0472032
0.6 0.42 0.0412244
0.6 0.48 0.0332352
0.6 0.54 0.0217338
0.6 0.6 0.00522225
0.6 0.66 -0.0113913
0.6 0.72 -0.0140492
0.6 0.78 -0.00606578
0.6 0.84 -0.000765977
0.6 0.9 -0.000182599
0.6 0.96 -0.0034376
0.6 1.02 -0.00878167
0.6 1.08 -0.0144557
0.6 1.14 -0.0185174
0.6 1.2 -0.0208269
0.6 1.26 -0.0214761
0.6 1.32 -0.0205569
0.6 1.38 -0.017873
0.6 1.44 -0.0120156
0.6 1.5 -0.00178304
0.6 1.56 0.0107265
0.6 1.62 0.0206445
0.6 1.68 0.0261717
0.6 1.74 0.0253664
0.6 1.8 0.0191353
0.6 1.86 0.00859941
0.6 1.92 -0.00517331
0.6 1.98 -0.0203017
0.6 2.04 -0.0350891
0.6 2.1 -0.0482979
0.6 2.16 -0.0586904
0.6 2.22 -0.0650289
0.6 2.28 -0.0660759
0.6 2.34 -0.0596819
0.6 2.4 -0.040388
0.6 2.46 -0.00629993
0.6 2.52 0.0239854
0.6 2.58 0.0250365
0.6 2.64 0.00497498
0.6 2.7 -0.0277318
0.6 2.76 -0.0536922
0.6 2.82 -0.0461228
0.6 2.88 0.0154135
0.6 2.94 -0.0237243
0.6 3 7.10543e-15
0.66 0 0
0.66 0.06 0.0349077
0.66 0.12 0.0490855
0.66 0.18 0.0492099
0.66 0.24 0.0438347
0.66 0.3 0.0387877
0.66 0.36 0.0341171
0.66 0.42 0.02981
0.66 0.48 0.0258535
0.66 0.54 0.0218836
0.66 0.6 0.0152403
0.66 0.66 0.00414184
0.66 0.72 -0.00694183
0.66 0.78 -0.00394939
0.66 0.84 -7.3268e-05
0.66 0.9 -0.00126692
0.66 0.96 -0.00528133
0.66 1.02 -0.00970708
0.66 1.08 -0.0128363
0.66 1.14 -0.0147459
0.66 1.2 -0.0155277
0.66 1.26 -0.0152736
0.66 1.32 -0.0140757
0.66 1.38 -0.0120257
0.66 1.44 -0.00921569
0.66 1.5 -0.00473029
0.66 1.56 0.00274228
0.66 1.62 0.00864163
0.66 1.68 0.00917349
0.66 1.74 0.00346997
0.66 1.8 -0.00731036
0.66 1.86 -0.0210866
0.66 1.92 -0.036436
0.66 1.98 -0.0521207
0.66 2.04 -0.0669033
0.66 2.1 -0.079546
0.66 2.16 -0.0888112
0.66 2.22 -0.0934613
0.66 2.28 -0.0922587
0.66 2.34 -0.0819042
0.66 2.4 -0.0589927
0.66 2.46 -0.0220478
0.66 2.52 0.0212824
0.66 2.58 0.0327847
0.66 2.64 0.0153996
0.66 2.7 -0.0224069
0.66 2.76 -0.0518471
0.66 2.82 -0.0366901
0.66 2.88 0.0227763
0.66 2.94 -0.0372847
0.66 3 -3.55271e-15
0.72 0 0
0.72 0.06 0.0268137
0.72 0.12 0.0339934
0.72 0.18 0.0302415
0.72 0.24 0.0261408
0.72 0.3 0.022395
0.72 0.36 0.0189911
0.72 0.42 0.0159163
0.72 0.48 0.0131574
0.72 0.54 0.0107018
0.72 0.6 0.00853633
0.72 0.66 0.00663405
0.72 0.72 0.00233823
0.72 0.78 -0.00181057
0.72 0.84 -0.00012429
0.72 0.9 -0.00244745
0.72 0.96 -0.00478425
0.72 1.02 -0.00634193
0.72 1.08 -0.00721243
0.72 1.14 -0.00748767
0.72 1.2 -0.00725957
0.72 1.26 -0.00662008
0.72 1.32 -0.0056611
0.72 1.38 -0.00447457
0.72 1.44 -0.00315241
0.72 1.5 -0.00178655
0.72 1.56 -0.000365919
0.72 1.62 0.000251727
0.72 1.68 -0.00523385
0.72 1.74 -0.0154714
0.72 1.8 -0.029196
0.72 1.86 -0.0451702
0.72 1.92 -0.0621562
0.72 1.98 -0.0789164
0.72 2.04 -0.0942132
0.72 2.1 -0.106809
0.72 2.16 -0.115466
0.72 2.22 -0.118947
0.72 2.28 -0.115777
0.72 2.34 -0.102581
0.72 2.4 -0.0776638
0.72 2.46 -0.0394741
0.72 2.52 0.01156
0.72 2.58 0.0356112
0.72 2.64 0.0230001
0.72 2.7 -0.0178086
0.72 2.76 -0.0486558
0.72 2.82 -0.0238382
0.72 2.88 0.0245283
0.72 2.94 -0.0486215
0.72 3 0
0.78 0 0
0.78 0.06 0.0165597
0.78 0.12 0.0159151
0.78 0.18 0.0129967
0.78 0.24 0.0104115
0.78 0.3 0.00814665
0.78 0.36 0.00618926
0.78 0.42 0.00452637
0.78 0.48 0.00314506
0.78 0.54 0.0020324
0.78 0.6 0.00117548
0.78 0.66 0.000561348
0.78 0.72 0.000177095
0.78 0.78 9.79128e-06
0.78 0.84 5.1102e-05
0.78 0.9 0.000332128
0.78 0.96 0.000798137
0.78 1.02 0.00138133
0.78 1.08 0.00201392
0.78 1.14 0.00262809
0.78 1.2 0.00315606
0.78 1.26 0.00353003
0.78 1.32 0.0036822
0.78 1.38 0.00354477
0.78 1.44 0.00306101
0.78 1.5 0.00105932
0.78 1.56 -0.00115452
0.78 1.62 0.00387781
0.78 1.68 -0.0061671
0.78 1.74 -0.0227332
0.78 1.8 -0.041237
0.78 1.86 -0.0606648
0.78 1.92 -0.0799901
0.78 1.98 -0.0983449
0.78 2.04 -0.114675
0.78 2.1 -0.127743
0.78 2.16 -0.136311
0.78 2.22 -0.139142
0.78 2.28 -0.134376
0.78 2.34 -0.120026
0.78 2.4 -0.0947145
0.78 2.46 -0.056892
0.78 2.52 -0.00500711
0.78 2.58 0.0335693
0.78 2.64 0.0278298
0.78 2.7 -0.0138835
0.78 2.76 -0.0440649
0.78 2.82 -0.00751393
0.78 2.88 0.0218897
0.78 2.94 -0.0577983
0.78 3 0
0.84 0 0
0.84 0.06 0.00458993
0.84 0.12 0.00308946
0.84 0.18 0.0019007
0.84 0.24 0.00101075
0.84 0.3 0.000406659
0.84 0.36 7.55127e-05
0.84 0.42 -2.95518e-05
0.84 0.48 -0.000305861
0.84 0.54 -0.000860622
0.84 0.6 -0.00168994
0.84 0.66 -0.00278992
0.84 0.72 -0.00415668
0.84 0.78 -0.00348634
0.84 0.84 0.00125141
0.84 0.9 -0.00134985
0.84 0.96 -0.00197582
0.84 1.02 -0.000672957
0.84 1.08 0.00169496
0.84 1.14 0.00429835
0.84 1.2 0.00654919
0.84 1.26 0.00824146
0.84 1.32 0.00808272
0.84 1.38 0.00470453
0.84 1.44 -0.00270863
0.84 1.5 -0.00671981
0.84 1.56 -0.00113473
0.84 1.62 0.0135776
0.84 1.68 0.0218836
0.84 1.74 0.0114584
0.84 1.8 -0.0170565
0.84 1.86 -0.0469634
0.84 1.92 -0.0749849
0.84 1.98 -0.100108
0.84 2.04 -0.121318
0.84 2.1 -0.137602
0.84 2.16 -0.147946
0.84 2.22 -0.151337
0.84 2.28 -0.146444
0.84 2.34 -0.132551
0.84 2.4 -0.108458
0.84 2.46 -0.0726147
0.84 2.52 -0.0234699
0.84 2.58 0.0267123
0.84 2.64 0.029942
0.84 2.7 -0.0105783
0.84 2.76 -0.038021
0.84 2.82 0.00981497
0.84 2.88 0.0160812
0.84 2.94 -0.064815
0.84 3 0
0.9 0 3.33067e-16
0.9 0.06 -0.0001403
0.9 0.12 -0.00054121
0.9 0.18 -0.00119884
0.9 0.24 -0.00210929
0.9 0.3 -0.00326866
0.9 0.36 -0.00467308
0.9 0.42 -0.00631863
0.9 0.48 -0.00820143
0.9 0.54 -0.0103176
0.9 0.6 -0.0126632
0.9 0.66 -0.0152344
0.9 0.72 -0.0171297
0.9 0.78 -0.00728121
0.9 0.84 0.00572223
0.9 0.9 0.00277205
0.9 0.96 -0.00142594
0.9 1.02 -0.00276279
0.9 1.08 -0.00090029
0.9 1.14 0.00329778
0.9 1.2 0.00718306
0.9 1.26 0.0067564
0.9 1.32 0.000642711
0.9 1.38 -0.00819182
0.9 1.44 -0.0132542
0.9 1.5 -0.012805
0.9 1.56 0.00220358
0.9 1.62 0.023908
0.9 1.68 0.0408445
0.9 1.74 0.0494035
0.9 1.8 0.0402081
0.9 1.86 0.0124811
0.9 1.92 -0.0288531
0.9 1.98 -0.0666835
0.9 2.04 -0.0988055
0.9 2.1 -0.124206
0.9 2.16 -0.14187
0.9 2.22 -0.150786
0.9 2.28 -0.149939
0.9 2.34 -0.13847
0.9 2.4 -0.117207
0.9 2.46 -0.0849554
0.9 2.52 -0.0401627
0.9 2.58 0.0150934
0.9 2.64 0.02939
0.9 2.7 -0.00783969
0.9 2.76 -0.0304709
0.9 2.82 0.0203876
0.9 2.88 0.00832317
0.9 2.94 -0.0696718
0.9 3 3.55271e-15
0.96 0 -2.22045e-16
0.96 0.06 0.0013662
0.96 0.12 -0.00671286
0.96 0.18 -0.0100156
0.96 0.24 -0.0122195
0.96 0.3 -0.0146273
0.96 0.36 -0.017235
0.96 0.42 -0.0200388
0.96 0.48 -0.0230347
0.96 0.54 -0.0262188
0.96 0.6 -0.0295873
0.96 0.66 -0.0329112
0.96 0.72 -0.0289495
0.96 0.78 -0.0103561
0.96 0.84 0.0111402
0.96 0.9 0.0080584
0.96 0.96 0.00348658
0.96 1.02 -0.000717841
0.96 1.08 -0.00114136
0.96 1.14 0.00264654
0.96 1.2 0.00268907
0.96 1.26 -0.00427958
0.96 1.32 -0.0119673
0.96 1.38 -0.0178553
0.96 1.44 -0.0203322
0.96 1.5 -0.0158561
0.96 1.56 0.00754236
0.96 1.62 0.034359
0.96 1.68 0.0560748
0.96 1.74 0.0735313
0.96 1.8 0.0806858
0.96 1.86 0.0726085
0.96 1.92 0.0488196
0.96 1.98 0.0088392
0.96 2.04 -0.0395915
0.96 2.1 -0.079928
0.96 2.16 -0.110733
0.96 2.22 -0.130993
0.96 2.28 -0.139695
0.96 2.34 -0.135825
0.96 2.4 -0.119276
0.96 2.46 -0.0922271
0.96 2.52 -0.0533986
0.96 2.58 -0.00123951
0.96 2.64 0.026227
0.96 2.7 -0.00561434
0.96 2.76 -0.0213613
0.96 2.82 0.0247859
0.96 2.88 -0.00016379
0.96 2.94 -0.0723686
0.96 3 -3.55271e-15
1.02 0 0
1.02 0.06 0.0158666
1.02 0.12 0.00499687
1.02 0.18 -0.0116386
1.02 0.24 -0.0226518
1.02 0.3 -0.0290417
1.02 0.36 -0.032713
1.02 0.42 -0.0361816
1.02 0.48 -0.0397972
1.02 0.54 -0.0435559
1.02 0.6 -0.0474389
1.02 0.66 -0.0477166
1.02 0.72 -0.0378894
1.02 0.78 -0.012711
1.02 0.84 0.0153392
1.02 0.9 0.0128532
1.02 0.96 0.00740239
1.02 1.02 0.00261326
1.02 1.08 -6.22475e-05
1.02 1.14 -0.000370884
1.02 1.2 -0.00483262
1.02 1.26 -0.0111133
1.02 1.32 -0.0176014
1.02 1.38 -0.0226854
1.02 1.44 -0.0246334
1.02 1.5 -0.0159457
1.02 1.56 0.0139919
1.02 1.62 0.0440873
1.02 1.68 0.0687489
1.02 1.74 0.0888691
1.02 1.8 0.104638
1.02 1.86 0.109979
1.02 1.92 0.102908
1.02 1.98 0.0829456
1.02 2.04 0.0496116
1.02 2.1 0.00242621
1.02 2.16 -0.0473062
1.02 2.22 -0.0847314
1.02 2.28 -0.108802
1.02 2.34 -0.118506
1.02 2.4 -0.112827
1.02 2.46 -0.0927431
1.02 2.52 -0.0614907
1.02 2.58 -0.0176686
1.02 2.64 0.0205065
1.02 2.7 -0.00384893
1.02 2.76 -0.0106387
1.02 2.82 0.0242304
1.02 2.88 -0.00815921
1.02 2.94 -0.0729053
1.02 3 0
1.08 0 0
1.08 0.06 0.0355266
1.08 0.12 0.0279962
1.08 0.18 0.0101842
1.08 0.24 -0.0131232
1.08 0.3 -0.030325
1.08 0.36 -0.0416477
1.08 0.42 -0.0487908
1.08 0.48 -0.0534535
1.08 0.54 -0.0573206
1.08 0.6 -0.0601903
1.08 0.66 -0.0574819
1.08 0.72 -0.0439492
1.08 0.78 -0.0143458
1.08 0.84 0.0180983
1.08 0.9 0.0161316
1.08 0.96 0.00904333
1.08 1.02 0.00297247
1.08 1.08 -1.277e-05
1.08 1.14 4.79554e-05
1.08 1.2 -0.00299743
1.08 1.26 -0.00957048
1.08 1.32 -0.0170361
1.08 1.38 -0.0234932
1.08 1.44 -0.0260494
1.08 1.5 -0.0136629
1.08 1.56 0.0207089
1.08 1.62 0.0522496
1.08 1.68 0.0780235
1.08 1.74 0.098923
1.08 1.8 0.115841
1.08 1.86 0.128115
1.08 1.92 0.131531
1.08 1.98 0.125355
1.08 2.04 0.109107
1.08 2.1 0.0823081
1.08 2.16 0.0444775
1.08 2.22 -0.00477124
1.08 2.28 -0.0500317
1.08 2.34 -0.0791285
1.08 2.4 -0.0910481
1.08 2.46 -0.0847768
1.08 2.52 -0.0627522
1.08 2.58 -0.0288792
1.08 2.64 0.0122816
1.08 2.7 -0.00249014
1.08 2.76 0.0015955
1.08 2.82 0.0199416
1.08 2.88 -0.0141719
1.08 2.94 -0.0712821
1.08 3 3.55271e-15
1.14 0 1.11022e-16
1.14 0.06 0.0549477
1.14 0.12 0.0547646
1.14 0.18 0.0396038
1.14 0.24 0.0162204
1.14 0.3 -0.0119342
1.14 0.36 -0.0337017
1.14 0.42 -0.0483344
1.14 0.48 -0.0575316
1.14 0.54 -0.0629927
1.14 0.6 -0.0657417
1.14 0.66 -0.0622073
1.14 0.72 -0.0471291
1.14 0.78 -0.0152607
1.14 0.84 0.0194173
1.14 0.9 0.016869
1.14 0.96 0.00761945
1.14 1.02 0.00118917
1.14 1.08 -0.000566495
1.14 1.14 -0.000675847
1.14 1.2 9.58232e-05
1.14 1.26 -0.00415316
1.14 1.32 -0.0120352
1.14 1.38 -0.02108
1.14 1.44 -0.0250301
1.14 1.5 -0.0095968
1.14 1.56 0.02685
1.14 1.62 0.0580025
1.14 1.68 0.0830553
1.14 1.74 0.102901
1.14 1.8 0.118431
1.14 1.86 0.130539
1.14 1.92 0.13821
1.14 1.98 0.13959
1.14 2.04 0.134197
1.14 2.1 0.121553
1.14 2.16 0.101177
1.14 2.22 0.0725895
1.14 2.28 0.0353107
1.14 2.34 -0.0104651
1.14 2.4 -0.0458027
1.14 2.46 -0.0611537
1.14 2.52 -0.0554962
1.14 2.58 -0.0331843
1.14 2.64 0.00160577
1.14 2.7 -0.00148465
1.14 2.76 0.00925191
1.14 2.82 0.01314
1.14 2.88 -0.0167845
1.14 2.94 -0.0674989
1.14 3 -7.10543e-15
1.2 0 0
1.2 0.06 0.0722089
1.2 0.12 0.0839022
1.2 0.18 0.071205
1.2 0.24 0.0499817
1.2 0.3 0.0223977
1.2 0.36 -0.00883904
1.2 0.42 -0.0335493
1.2 0.48 -0.049869
1.2 0.54 -0.0594975
1.2 0.6 -0.0640932
1.2 0.66 -0.0618927
1.2 0.72 -0.0474289
1.2 0.78 -0.0154556
1.2 0.84 0.0192963
1.2 0.9 0.0144343
1.2 0.96 0.00448832
1.2 1.02 -0.000154138
1.2 1.08 -0.00150819
1.2 1.14 -0.00188343
1.2 1.2 -0.000333558
1.2 1.26 -0.000375525
1.2 1.32 -0.0065103
1.2 1.38 -0.0163752
1.2 1.44 -0.0221646
1.2 1.5 -0.00433647
1.2 1.56 0.0315718
1.2 1.62 0.0605027
1.2 1.68 0.0830008
1.2 1.74 0.0999585
1.2 1.8 0.112268
1.2 1.86 0.120823
1.2 1.92 0.12647
1.2 1.98 0.129173
1.2 2.04 0.128404
1.2 2.1 0.123684
1.2 2.16 0.114531
1.2 2.22 0.100467
1.2 2.28 0.0810107
1.2 2.34 0.0556833
1.2 2.4 0.0240046
1.2 2.46 -0.0126562
1.2 2.52 -0.0326537
1.2 2.58 -0.028897
1.2 2.64 -0.00792038
1.2 2.7 -0.000779136
1.2 2.76 0.0101707
1.2 2.82 0.00654827
1.2 2.88 -0.0168396
1.2 2.94 -0.0615556
1.2 3 3.55271e-15
1.26 0 0
1.26 0.06 0.08731
1.26 0.12 0.113462
1.26 0.18 0.103588
1.26 0.24 0.0843369
1.26 0.3 0.0584219
1.26 0.36 0.0280082
1.26 0.42 -0.00460515
1.26 0.48 -0.0306354
1.26 0.54 -0.0470192
1.26 0.6 -0.055456
1.26 0.66 -0.0565381
1.26 0.72 -0.0448488
1.26 0.78 -0.0149304
1.26 0.84 0.0177354
1.26 0.9 0.0099471
1.26 0.96 0.00134844
1.26 1.02 -0.00117068
1.26 1.08 -0.00265858
1.26 1.14 -0.00318096
1.26 1.2 -0.00203711
1.26 1.26 0.000487668
1.26 1.32 -0.00191772
1.26 1.38 -0.0106205
1.26 1.44 -0.0180418
1.26 1.5 0.00149733
1.26 1.56 0.034031
1.26 1.62 0.0589067
1.26 1.68 0.0770167
1.26 1.74 0.0892533
1.26 1.8 0.0965091
1.26 1.86 0.0996944
1.26 1.92 0.100437
1.26 1.98 0.0994873
1.26 2.04 0.097024
1.26 2.1 0.093227
1.26 2.16 0.0882757
1.26 2.22 0.0822895
1.26 2.28 0.0744251
1.26 2.34 0.0639891
1.26 2.4 0.0505016
1.26 2.46 0.0334828
1.26 2.52 0.0124528
1.26 2.58 -0.0093793
1.26 2.64 -0.00889998
1.26 2.7 -0.000320279
1.26 2.76 0.0058256
1.26 2.82 0.00259627
1.26 2.88 -0.0149911
1.26 2.94 -0.0534524
1.26 3 -3.55271e-15
1.32 0 -2.22045e-16
1.32 0.06 0.100251
1.32 0.12 0.139302
1.32 0.18 0.135352
1.32 0.24 0.117886
1.32 0.3 0.0934525
1.32 0.36 0.0642168
1.32 0.42 0.0323441
1.32 0.48 4.44089e-16
1.32 0.54 -0.0257272
1.32 0.6 -0.0405523
1.32 0.66 -0.0461434
1.32 0.72 -0.0393886
1.32 0.78 -0.0136853
1.32 0.84 0.0147344
1.32 0.9 0.00497936
1.32 0.96 -0.000329414
1.32 1.02 -0.00231097
1.32 1.08 -0.00383842
1.32 1.14 -0.00439094
1.32 1.2 -0.00353104
1.32 1.26 -0.00137086
1.32 1.32 0.000476075
1.32 1.38 -0.00508239
1.32 1.44 -0.0132509
1.32 1.5 0.00640618
1.32 1.56 0.0333842
1.32 1.62 0.0523712
1.32 1.68 0.0642596
1.32 1.74 0.0699417
1.32 1.8 0.0707089
1.32 1.86 0.0695909
1.32 1.92 0.0671955
1.32 1.98 0.0637025
1.32 2.04 0.0592912
1.32 2.1 0.0541412
1.32 2.16 0.048432
1.32 2.22 0.0423432
1.32 2.28 0.0360543
1.32 2.34 0.0297448
1.32 2.4 0.0235943
1.32 2.46 0.0177822
1.32 2.52 0.0124882
1.32 2.58 0.00788144
1.32 2.64 0.00254853
1.32 2.7 -5.47591e-05
1.32 2.76 0.00205562
1.32 2.82 0.000620801
1.32 2.88 -0.011893
1.32 2.94 -0.0431869
1.32 3 -3.55271e-15
1.38 0 0
1.38 0.06 0.111032
1.38 0.12 0.160822
1.38 0.18 0.165098
1.38 0.24 0.149229
1.38 0.3 0.12609
1.38 0.36 0.0978441
1.38 0.42 0.0666584
1.38 0.48 0.0346977
1.38 0.54 0.00412742
1.38 0.6 -0.0195923
1.38 0.66 -0.0312357
1.38 0.72 -0.0310485
1.38 0.78 -0.0117202
1.38 0.84 0.0102935
1.38 0.9 0.00110316
1.38 0.96 -0.00138671
1.38 1.02 -0.00339577
1.38 1.08 -0.00486844
1.38 1.14 -0.00533587
1.38 1.2 -0.00463786
1.38 1.26 -0.0028671
1.38 1.32 -0.000399883
1.38 1.38 -0.00102743
1.38 1.44 -0.0083809
1.38 1.5 0.00919916
1.38 1.56 0.0287881
1.38 1.62 0.040053
1.38 1.68 0.0438863
1.38 1.74 0.0428951
1.38 1.8 0.0407876
1.38 1.86 0.0378184
1.38 1.92 0.034167
1.38 1.98 0.0300129
1.38 2.04 0.0255356
1.38 2.1 0.0209147
1.38 2.16 0.0163296
1.38 2.22 0.01196
1.38 2.28 0.00798535
1.38 2.34 0.00458514
1.38 2.4 0.00193894
1.38 2.46 0.000226264
1.38 2.52 6.36838e-05
1.38 2.58 0.00223716
1.38 2.64 -0.00147375
1.38 2.7 0.000219058
1.38 2.76 0.000335119
1.38 2.82 -3.21508e-05
1.38 2.88 -0.00819939
1.38 2.94 -0.0318677
1.38 3 7.10543e-15
1.44 0 -2.22045e-16
1.44 0.06 0.119653
1.44 0.12 0.178021
1.44 0.18 0.19075
1.44 0.24 0.176967
1.44 0.3 0.154933
1.44 0.36 0.12749
1.44 0.42 0.0968039
1.44 0.48 0.065039
1.44 0.54 0.0343611
1.44 0.6 0.00693549
1.44 0.66 -0.0129982
1.44 0.72 -0.0198283
1.44 0.78 -0.00903505
1.44 0.84 0.00463875
1.44 0.9 -0.000383442
1.44 0.96 -0.00230355
1.44 1.02 -0.0042458
1.44 1.08 -0.00565771
1.44 1.14 -0.00600777
1.44 1.2 -0.00518061
1.44 1.26 -0.00367666
1.44 1.32 -0.00170432
1.44 1.38 0.000277902
1.44 1.44 -0.00402092
1.44 1.5 0.00903291
1.44 1.56 0.0193992
1.44 1.62 0.0211919
1.44 1.68 0.0195922
1.44 1.74 0.0173668
1.44 1.8 0.0146952
1.44 1.86 0.0117569
1.44 1.92 0.00873143
1.44 1.98 0.00579831
1.44 2.04 0.00313708
1.44 2.1 0.000927265
1.44 2.16 -0.000503698
1.44 2.22 -0.00051065
1.44 2.28 0.00114336
1.44 2.34 0.00471473
1.44 2.4 0.0104599
1.44 2.46 0.0116907
1.44 2.52 -0.0016677
1.44 2.58 -0.00986248
1.44 2.64 -0.00143131
1.44 2.7 0.00123452
1.44 2.76 0.000246432
1.44 2.82 -1.65844e-05
1.44 2.88 -0.00456423
1.44 2.94 -0.0213339
1.44 3 -1.77636e-15
1.5 0 -2.22045e-16
1.5 0.06 0.126115
1.5 0.12 0.190901
1.5 0.18 0.210006
1.5 0.24 0.199698
1.5 0.3 0.178583
1.5 0.36 0.151756
1.5 0.42 0.121381
1.5 0.48 0.089624
1.5 0.54 0.0586508
1.5 0.6 0.0306265
1.5 0.66 0.0077164
1.5 0.72 -0.00671235
1.5 0.78 -0.00562992
1.5 0.84 0.00064646
1.5 0.9 -0.00105943
1.5 0.96 -0.00290813
1.5 1.02 -0.00459557
1.5 1.08 -0.00542512
1.5 1.14 -0.00549094
1.5 1.2 -0.00488719
1.5 1.26 -0.00370803
1.5 1.32 -0.00204762
1.5 1.38 -0.000557899
1.5 1.44 -0.000761771
1.5 1.5 0.00506407
1.5 1.56 0.0054014
1.5 1.62 0.00413975
1.5 1.68 0.00266788
1.5 1.74 0.00116531
1.5 1.8 -0.000156815
1.5 1.86 -0.000870052
1.5 1.92 -0.000840581
1.5 1.98 0.00018801
1.5 2.04 0.00247213
1.5 2.1 0.0062682
1.5 2.16 0.0118326
1.5 2.22 0.0194218
1.5 2.28 0.0248441
1.5 2.34 0.0204941
1.5 2.4 0.00173532
1.5 2.46 -0.0188835
1.5 2.52 -0.0217028
1.5 2.58 -0.00823915
1.5 2.64 0.000554569
1.5 2.7 0.00289986
1.5 2.76 0.00347985
1.5 2.82 1.34975e-05
1.5 2.88 -0.00164152
1.5 2.94 -0.0122396
1.5 3 0
1.56 0 0
1.56 0.06 0.130416
1.56 0.12 0.199461
1.56 0.18 0.222782
1.56 0.24 0.216024
1.56 0.3 0.19564
1.56 0.36 0.16924
1.56 0.42 0.138989
1.56 0.48 0.107053
1.56 0.54 0.0755966
1.56 0.6 0.0467859
1.56 0.66 0.022786
1.56 0.72 0.00576235
1.56 0.78 -0.00150479
1.56 0.84 -0.000161064
1.56 0.9 -0.00124019
1.56 0.96 -0.00200103
1.56 1.02 -0.00231747
1.56 1.08 -0.00228366
1.56 1.14 -0.00199377
1.56 1.2 -0.00154197
1.56 1.26 -0.00102241
1.56 1.32 -0.00052926
1.56 1.38 -0.000156675
1.56 1.44 1.1791e-06
1.56 1.5 2.24465e-05
1.56 1.56 -9.84727e-05
1.56 1.62 -0.000138522
1.56 1.68 0.000158711
1.56 1.74 0.00104964
1.56 1.8 0.00279067
1.56 1.86 0.00563821
1.56 1.92 0.00984869
1.56 1.98 0.0156785
1.56 2.04 0.0233841
1.56 2.1 0.0309518
1.56 2.16 0.0337409
1.56 2.22 0.0271629
1.56 2.28 0.00654623
1.56 2.34 -0.0215465
1.56 2.4 -0.0362997
1.56 2.46 -0.0352668
1.56 2.52 -0.0187381
1.56 2.58 -0.0037817
1.56 2.64 -0.00319219
1.56 2.7 0.0050189
1.56 2.76 0.00940189
1.56 2.82 0.0016192
1.56 2.88 -8.5274e-05
1.56 2.94 -0.00523865
1.56 3 1.77636e-15
1.62 0 1.11022e-16
1.62 0.06 0.132557
1.62 0.12 0.203701
1.62 0.18 0.229078
1.62 0.24 0.224334
1.62 0.3 0.204703
1.62 0.36 0.178543
1.62 0.42 0.148229
1.62 0.48 0.115925
1.62 0.54 0.0837823
1.62 0.6 0.0539611
1.62 0.66 0.0286187
1.62 0.72 0.0099125
1.62 0.78 8.88178e-16
1.62 0.84 0.00128038
1.62 0.9 0.00246202
1.62 0.96 0.00363656
1.62 1.02 0.0046996
1.62 1.08 0.00554673
1.62 1.14 0.00607353
1.62 1.2 0.00617561
1.62 1.26 0.00574857
1.62 1.32 0.00468799
1.62 1.38 0.00245217
1.62 1.44 -0.000145721
1.62 1.5 -7.94019e-06
1.62 1.56 0.000104836
1.62 1.62 0.000899631
1.62 1.68 0.00263641
1.62 1.74 0.00557515
1.62 1.8 0.00997581
1.62 1.86 0.0160984
1.62 1.92 0.0242028
1.62 1.98 0.0321458
1.62 2.04 0.0356738
1.62 2.1 0.0302048
1.62 2.16 0.0110672
1.62 2.22 -0.0195867
1.62 2.28 -0.0417961
1.62 2.34 -0.0521887
1.62 2.4 -0.0488267
1.62 2.46 -0.0311246
1.62 2.52 -0.012476
1.62 2.58 0.000423508
1.62 2.64 -0.0119162
1.62 2.7 0.00739549
1.62 2.76 0.0166793
1.62 2.82 0.00559462
1.62 2.88 0.00062783
1.62 2.94 -0.000985158
1.62 3 1.77636e-15
1.68 0 0
1.68 0.06 0.132538
1.68 0.12 0.203621
1.68 0.18 0.228895
1.68 0.24 0.224005
1.68 0.3 0.204396
1.68 0.36 0.178017
1.68 0.42 0.147103
1.68 0.48 0.11381
1.68 0.54 0.0802959
1.68 0.6 0.0487178
1.68 0.66 0.0212334
1.68 0.72 4.66294e-15
1.68 0.78 -0.00554756
1.68 0.84 0.00550703
1.68 0.9 0.0118059
1.68 0.96 0.0140861
1.68 1.02 0.0156305
1.68 1.08 0.0163346
1.68 1.14 0.0160942
1.68 1.2 0.0148047
1.68 1.26 0.0123617
1.68 1.32 0.007103
1.68 1.38 -0.00167961
1.68 1.44 -0.000154073
1.68 1.5 0.000638818
1.68 1.56 -4.98632e-05
1.68 1.62 0.000629564
1.68 1.68 0.00286478
1.68 1.74 0.00691575
1.68 1.8 0.0130425
1.68 1.86 0.0215048
1.68 1.92 0.0291506
1.68 1.98 0.0281275
1.68 2.04 0.013806
1.68 2.1 -0.014739
1.68 2.16 -0.039927
1.68 2.22 -0.0572673
1.68 2.28 -0.0648224
1.68 2.34 -0.0606547
1.68 2.4 -0.0435954
1.68 2.46 -0.0234619
1.68 2.52 -0.00640289
1.68 2.58 0.00123202
1.68 2.64 -0.0192445
1.68 2.7 0.00983346
1.68 2.76 0.0234039
1.68 2.82 0.0105843
1.68 2.88 0.00315651
1.68 2.94 0.000159208
1.68 3 2.66454e-15
1.74 0 0
1.74 0.06 0.130359
1.74 0.12 0.199221
1.74 0.18 0.222231
1.74 0.24 0.215127
1.74 0.3 0.194843
1.74 0.36 0.167481
1.74 0.42 0.135198
1.74 0.48 0.100151
1.74 0.54 0.064497
1.74 0.6 0.0303943
1.74 0.66 2.88658e-15
1.74 0.72 -0.0161015
1.74 0.78 -0.0131568
1.74 0.84 0.00532001
1.74 0.9 0.0204484
1.74 0.96 0.026243
1.74 1.02 0.0273128
1.74 1.08 0.026859
1.74 1.14 0.0248363
1.74 1.2 0.0208136
1.74 1.26 0.0130686
1.74 1.32 0.000871404
1.74 1.38 -0.0036797
1.74 1.44 0.000814093
1.74 1.5 0.00178369
1.74 1.56 0.000718969
1.74 1.62 8.41234e-05
1.74 1.68 0.00190479
1.74 1.74 0.00615501
1.74 1.8 0.0130948
1.74 1.86 0.0194387
1.74 1.92 0.0132703
1.74 1.98 -0.00873843
1.74 2.04 -0.0324273
1.74 2.1 -0.0522378
1.74 2.16 -0.0662323
1.74 2.22 -0.0724732
1.74 2.28 -0.0690229
1.74 2.34 -0.054347
1.74 2.4 -0.0349361
1.74 2.46 -0.0158427
1.74 2.52 -0.00097003
1.74 2.58 -0.00333913
1.74 2.64 -0.0241832
1.74 2.7 0.0121366
1.74 2.76 0.0278224
1.74 2.82 0.015255
1.74 2.88 0.00635826
1.74 2.94 0.00174101
1.74 3 4.44089e-16
1.8 0 0
1.8 0.06 0.12602
1.8 0.12 0.190501
1.8 0.18 0.209087
1.8 0.24 0.198709
1.8 0.3 0.177059
1.8 0.36 0.147946
1.8 0.42 0.113525
1.8 0.48 0.0759561
1.8 0.54 0.0373952
1.8 0.6 1.66533e-15
1.8 0.66 -0.0247789
1.8 0.72 -0.0303488
1.8 0.78 -0.0217405
1.8 0.84 0.00146319
1.8 0.9 0.0242005
1.8 0.96 0.034533
1.8 1.02 0.0366338
1.8 1.08 0.0342058
1.8 1.14 0.0285706
1.8 1.2 0.0194301
1.8 1.26 0.00599044
1.8 1.32 -0.00553147
1.8 1.38 -0.0014179
1.8 1.44 0.00357619
1.8 1.5 0.00420411
1.8 1.56 0.00252344
1.8 1.62 0.000421099
1.8 1.68 0.000648379
1.8 1.74 0.00418487
1.8 1.8 0.00796783
1.8 1.86 -0.00332006
1.8 1.92 -0.0210322
1.8 1.98 -0.0388351
1.8 2.04 -0.0547914
1.8 2.1 -0.0669632
1.8 2.16 -0.0734132
1.8 2.22 -0.0722035
1.8 2.28 -0.0615758
1.8 2.34 -0.045095
1.8 2.4 -0.0261748
1.8 2.46 -0.00871832
1.8 2.52 0.0029104
1.8 2.58 -0.0105808
1.8 2.64 -0.0269456
1.8 2.7 0.0141089
1.8 2.76 0.0298435
1.8 2.82 0.0179241
1.8 2.88 0.00801226
1.8 2.94 0.00203128
1.8 3 2.88658e-15
1.86 0 0
1.86 0.06 0.119521
1.86 0.12 0.177461
1.86 0.18 0.189463
1.86 0.24 0.175837
1.86 0.3 0.152053
1.86 0.36 0.12042
1.86 0.42 0.0830953
1.86 0.48 0.0422361
1.86 0.54 -1.22125e-15
1.86 0.6 -0.0312963
1.86 0.66 -0.0440161
1.86 0.72 -0.0427977
1.86 0.78 -0.0302147
1.86 0.84 -0.00464398
1.86 0.9 0.0240385
1.86 0.96 0.0377
1.86 1.02 0.0400589
1.86 1.08 0.0347934
1.86 1.14 0.0252687
1.86 1.2 0.0115978
1.86 1.26 -0.00455527
1.86 1.32 -0.00435484
1.86 1.38 0.00471201
1.86 1.44 0.00894964
1.86 1.5 0.0087175
1.86 1.56 0.00590249
1.86 1.62 0.00239154
1.86 1.68 7.15763e-05
1.86 1.74 -0.000218904
1.86 1.8 -0.00747654
1.86 1.86 -0.0187943
1.86 1.92 -0.0322346
1.86 1.98 -0.0458598
1.86 2.04 -0.0577323
1.86 2.1 -0.0659144
1.86 2.16 -0.0684686
1.86 2.22 -0.0634787
1.86 2.28 -0.0521353
1.86 2.34 -0.0355956
1.86 2.4 -0.0177628
1.86 2.46 -0.00253996
1.86 2.52 0.00190782
1.86 2.58 -0.018138
1.86 2.64 -0.0277448
1.86 2.7 0.015554
1.86 2.76 0.029271
1.86 2.82 0.0160003
1.86 2.88 0.00598871
1.86 2.94 -0.000174486
1.86 3 0
1.92 0 0
1.92 0.06 0.110863
1.92 0.12 0.160101
1.92 0.18 0.163815
1.92 0.24 0.147521
1.92 0.3 0.120835
1.92 0.36 0.0859144
1.92 0.42 0.044917
1.92 0.48 2.55351e-15
1.92 0.54 -0.0356537
1.92 0.6 -0.0534931
1.92 0.66 -0.05754
1.92 0.72 -0.0523866
1.92 0.78 -0.0374955
1.92 0.84 -0.011221
1.92 0.9 0.0209268
1.92 0.96 0.0367085
1.92 1.02 0.0381166
1.92 1.08 0.0296655
1.92 1.14 0.0167747
1.92 1.2 -0.000869434
1.92 1.26 -0.00574276
1.92 1.32 0.00418106
1.92 1.38 0.0142979
1.92 1.44 0.0169735
1.92 1.5 0.0144947
1.92 1.56 0.00856478
1.92 1.62 0.000886992
1.92 1.68 -0.00103265
1.92 1.74 0.000457531
1.92 1.8 -0.00596268
1.92 1.86 -0.0162874
1.92 1.92 -0.0287141
1.92 1.98 -0.0412965
1.92 2.04 -0.0520885
1.92 2.1 -0.059144
1.92 2.16 -0.0605168
1.92 2.22 -0.0542608
1.92 2.28 -0.0423018
1.92 2.34 -0.0263001
1.92 2.4 -0.0101515
1.92 2.46 0.00265918
1.92 2.52 -0.00172241
1.92 2.58 -0.0229101
1.92 2.64 -0.0267939
1.92 2.7 0.0162758
1.92 2.76 0.0259089
1.92 2.82 0.0117323
1.92 2.88 0.00219564
1.92 2.94 -0.00297777
1.92 3 0
1.98 0 0
1.98 0.06 0.100044
1.98 0.12 0.13842
1.98 0.18 0.134349
1.98 0.24 0.11477
1.98 0.3 0.0844136
1.98 0.36 0.0454379
1.98 0.42 2.10942e-15
1.98 0.48 -0.037851
1.98 0.54 -0.05865
1.98 0.6 -0.0663836
1.98 0.66 -0.0654312
1.98 0.72 -0.0580318
1.98 0.78 -0.042499
1.98 0.84 -0.0171871
1.98 0.9 0.0158302
1.98 0.96 0.0325231
1.98 1.02 0.0317016
1.98 1.08 0.0206022
1.98 1.14 0.0047616
1.98 1.2 -0.0057
1.98 1.26 0.00369635
1.98 1.32 0.0170969
1.98 1.38 0.0206772
1.98 1.44 0.0158085
1.98 1.5 0.00419392
1.98 1.56 -0.00755619
1.98 1.62 -0.00894694
1.98 1.68 -0.00237736
1.98 1.74 0.00731053
1.98 1.8 0.00218328
1.98 1.86 -0.0084716
1.98 1.92 -0.0208083
1.98 1.98 -0.0332164
1.98 2.04 -0.0437499
1.98 2.1 -0.0504626
1.98 2.16 -0.0514083
1.98 2.22 -0.0446409
1.98 2.28 -0.0325268
1.98 2.34 -0.0176598
1.98 2.4 -0.00379194
1.98 2.46 0.00419562
1.98 2.52 -0.00527113
1.98 2.58 -0.0237053
1.98 2.64 -0.0243061
1.98 2.7 0.0160781
1.98 2.76 0.0189971
1.98 2.82 0.00628638
1.98 2.88 -0.00104239
1.98 2.94 -0.00814589
1.98 3 4.44089e-15
2.04 0 0
2.04 0.06 0.0870649
2.04 0.12 0.11242
2.04 0.18 0.102224
2.04 0.24 0.0785927
2.04 0.3 0.0437988
2.04 0.36 7.21645e-16
2.04 0.42 -0.0378884
2.04 0.48 -0.059487
2.04 0.54 -0.0687823
2.04 0.6 -0.0697612
2.04 0.66 -0.0666281
2.04 0.72 -0.0586492
2.04 0.78 -0.0441412
2.04 0.84 -0.0214585
2.04 0.9 0.00971301
2.04 0.96 0.0261083
2.04 1.02 0.0221614
2.04 1.08 0.00927653
2.04 1.14 -0.00434489
2.04 1.2 0.00336336
2.04 1.26 0.0174769
2.04 1.32 0.0186266
2.04 1.38 0.00803255
2.04 1.44 -0.00916914
2.04 1.5 -0.0196395
2.04 1.56 -0.0213632
2.04 1.62 -0.0156396
2.04 1.68 -0.00215082
2.04 1.74 0.0130524
2.04 1.8 0.0137089
2.04 1.86 0.00459901
2.04 1.92 -0.00889348
2.04 1.98 -0.021911
2.04 2.04 -0.0329696
2.04 2.1 -0.0401231
2.04 2.16 -0.0414253
2.04 2.22 -0.0349301
2.04 2.28 -0.0232614
2.04 2.34 -0.0101258
2.04 2.4 0.0012946
2.04 2.46 0.00314726
2.04 2.52 -0.00666431
2.04 2.58 -0.0207369
2.04 2.64 -0.0204944
2.04 2.7 0.0147648
2.04 2.76 0.0114636
2.04 2.82 0.000828827
2.04 2.88 -0.00396665
2.04 2.94 -0.0147843
2.04 3 -1.06581e-14
2.1 0 1.11022e-16
2.1 0.06 0.071926
2.1 0.12 0.0831992
2.1 0.18 0.0684519
2.1 0.24 0.0399997
2.1 0.3 6.10623e-16
2.1 0.36 -0.0357658
2.1 0.42 -0.0560039
2.1 0.48 -0.0647011
2.1 0.54 -0.0658439
2.1 0.6 -0.06366
2.1 0.66 -0.060047
2.1 0.72 -0.053155
2.1 0.78 -0.0413383
2.1 0.84 -0.0229512
2.1 0.9 0.00353991
2.1 0.96 0.0184287
2.1 1.02 0.0116157
2.1 1.08 -0.00179578
2.1 1.14 0.00306376
2.1 1.2 0.0149491
2.1 1.26 0.0103329
2.1 1.32 -0.00729394
2.1 1.38 -0.0225905
2.1 1.44 -0.0319815
2.1 1.5 -0.0343065
2.1 1.56 -0.0299893
2.1 1.62 -0.0192131
2.1 1.68 -0.000842753
2.1 1.74 0.017871
2.1 1.8 0.0237971
2.1 1.86 0.0183166
2.1 1.92 0.0070777
2.1 1.98 -0.0078122
2.1 2.04 -0.0201795
2.1 2.1 -0.0285574
2.1 2.16 -0.0309998
2.1 2.22 -0.0255605
2.1 2.28 -0.014957
2.1 2.34 -0.00414943
2.1 2.4 0.00434051
2.1 2.46 0.00222326
2.1 2.52 -0.00654061
2.1 2.58 -0.0143607
2.1 2.64 -0.0155721
2.1 2.7 0.0121398
2.1 2.76 0.0045101
2.1 2.82 -0.0013773
2.1 2.88 -0.00726476
2.1 2.94 -0.0224719
2.1 3 -1.42109e-14
2.16 0 0
2.16 0.06 0.0546272
2.16 0.12 0.053991
2.16 0.18 0.0340406
2.16 0.24 9.99201e-16
2.16 0.3 -0.0314832
2.16 0.36 -0.0482009
2.16 0.42 -0.0541398
2.16 0.48 -0.0535469
2.16 0.54 -0.0514004
2.16 0.6 -0.0484739
2.16 0.66 -0.0448559
2.16 0.72 -0.0404653
2.16 0.78 -0.0330063
2.16 0.84 -0.0205813
2.16 0.9 -0.00154451
2.16 0.96 0.0104487
2.16 1.02 0.00173743
2.16 1.08 0.00267921
2.16 1.14 0.00902486
2.16 1.2 -0.00382592
2.16 1.26 -0.0196952
2.16 1.32 -0.0325002
2.16 1.38 -0.0410803
2.16 1.44 -0.044275
2.16 1.5 -0.0418354
2.16 1.56 -0.0343379
2.16 1.62 -0.0201187
2.16 1.68 0.0012002
2.16 1.74 0.0213039
2.16 1.8 0.0295236
2.16 1.86 0.0281418
2.16 1.92 0.0208069
2.16 1.98 0.0089923
2.16 2.04 -0.00581163
2.16 2.1 -0.0161976
2.16 2.16 -0.0205637
2.16 2.22 -0.0169639
2.16 2.28 -0.0080647
2.16 2.34 -0.000182013
2.16 2.4 0.00484448
2.16 2.46 0.000675275
2.16 2.52 -0.00395957
2.16 2.58 -0.00775672
2.16 2.64 -0.00975218
2.16 2.7 0.00800676
2.16 2.76 -0.000130771
2.16 2.82 -0.00232214
2.16 2.88 -0.0100422
2.16 2.94 -0.0294067
2.16 3 1.42109e-14
2.22 0 0
2.22 0.06 0.0351683
2.22 0.12 0.0259215
2.22 0.18 1.66533e-16
2.22 0.24 -0.0250405
2.22 0.3 -0.0360778
2.22 0.36 -0.0373422
2.22 0.42 -0.036035
2.22 0.48 -0.0341029
2.22 0.54 -0.0316342
2.22 0.6 -0.0287176
2.22 0.66 -0.0254415
2.22 0.72 -0.0218943
2.22 0.78 -0.0181645
2.22 0.84 -0.0132648
2.22 0.9 -0.00346092
2.22 0.96 0.00311094
2.22 1.02 0.00203849
2.22 1.08 -0.000660375
2.22 1.14 -0.012849
2.22 1.2 -0.0248145
2.22 1.26 -0.0353963
2.22 1.32 -0.0434339
2.22 1.38 -0.0477667
2.22 1.44 -0.0475866
2.22 1.5 -0.0439341
2.22 1.56 -0.0344322
2.22 1.62 -0.0188462
2.22 1.68 0.00338962
2.22 1.74 0.0228887
2.22 1.8 0.0315001
2.22 1.86 0.0332206
2.22 1.92 0.0281887
2.22 1.98 0.0205528
2.22 2.04 0.0097158
2.22 2.1 -0.00347565
2.22 2.16 -0.0105492
2.22 2.22 -0.00957242
2.22 2.28 -0.00303589
2.22 2.34 0.00315872
2.22 2.4 0.00324973
2.22 2.46 0.00092115
2.22 2.52 -0.000857604
2.22 2.58 -0.00214083
2.22 2.64 -0.00324788
2.22 2.7 0.00203194
2.22 2.76 0.000290644
2.22 2.82 -0.00164983
2.22 2.88 -0.0114043
2.22 2.94 -0.0341814
2.22 3 1.06581e-14
2.28 0 0
2.28 0.06 0.0156424
2.28 0.12 4.44089e-16
2.28 0.18 -0.0164379
2.28 0.24 -0.0197881
2.28 0.3 -0.0191014
2.28 0.36 -0.0179449
2.28 0.42 -0.0164068
2.28 0.48 -0.0145758
2.28 0.54 -0.0125403
2.28 0.6 -0.0103888
2.28 0.66 -0.00820968
2.28 0.72 -0.00609149
2.28 0.78 -0.00412269
2.28 0.84 -0.00239175
2.28 0.9 -0.00101334
2.28 0.96 0.000332234
2.28 1.02 -0.00394721
2.28 1.08 -0.0109253
2.28 1.14 -0.0196744
2.28 1.2 -0.0287348
2.28 1.26 -0.0369724
2.28 1.32 -0.0432529
2.28 1.38 -0.0464419
2.28 1.44 -0.0454053
2.28 1.5 -0.0401921
2.28 1.56 -0.030762
2.28 1.62 -0.0158852
2.28 1.68 0.00510912
2.28 1.74 0.0221632
2.28 1.8 0.0293259
2.28 1.86 0.0301137
2.28 1.92 0.0273126
2.28 1.98 0.0233108
2.28 2.04 0.0169272
2.28 2.1 0.00862116
2.28 2.16 -0.00138815
2.28 2.22 -0.00381812
2.28 2.28 -0.000321803
2.28 2.34 0.00280111
2.28 2.4 0.00189985
2.28 2.46 0.00126055
2.28 2.52 0.000828896
2.28 2.58 0.000550583
2.28 2.64 0.000371305
2.28 2.7 0.000820664
2.28 2.76 0.00342564
2.28 2.82 0.00153419
2.28 2.88 -0.0104565
2.28 2.94 -0.0367962
2.28 3 -1.06581e-14
2.34 0 0
2.34 0.06 0
2.34 0.12 -0.00572667
2.34 0.18 -0.00544177
2.34 0.24 -0.00484197
2.34 0.3 -0.00401575
2.34 0.36 -0.00305158
2.34 0.42 -0.00203793
2.34 0.48 -0.00106327
2.34 0.54 -0.000216075
2.34 0.6 0.00059991
2.34 0.66 0.00150768
2.34 0.72 0.0024043
2.34 0.78 0.00321107
2.34 0.84 0.0037819
2.34 0.9 -0.00209652
2.34 0.96 0.00263982
2.34 1.02 0.00420578
2.34 1.08 -0.000635742
2.34 1.14 -0.00794506
2.34 1.2 -0.0161911
2.34 1.26 -0.0242397
2.34 1.32 -0.0309565
2.34 1.38 -0.0352072
2.34 1.44 -0.0358576
2.34 1.5 -0.0317735
2.34 1.56 -0.023817
2.34 1.62 -0.0117254
2.34 1.68 0.00589637
2.34 1.74 0.0186651
2.34 1.8 0.0219824
2.34 1.86 0.0200248
2.34 1.92 0.0174552
2.34 1.98 0.0144841
2.34 2.04 0.0113219
2.34 2.1 0.00817877
2.34 2.16 0.00508135
2.34 2.22 -0.000132988
2.34 2.28 0.000947734
2.34 2.34 0.00059487
2.34 2.4 0.000216084
2.34 2.46 0.000287872
2.34 2.52 0.000977925
2.34 2.58 0.0018031
2.34 2.64 0.000844235
2.34 2.7 0.00168098
2.34 2.76 0.00846452
2.34 2.82 0.00768763
2.34 2.88 -0.00630441
2.34 2.94 -0.037251
2.34 3 -1.42109e-14
2.4 0 0
2.4 0.06 0.000279834
2.4 0.12 0.00105724
2.4 0.18 0.00225351
2.4 0.24 0.00378992
2.4 0.3 0.00558775
2.4 0.36 0.00756828
2.4 0.42 0.00965279
2.4 0.48 0.0117626
2.4 0.54 0.0138189
2.4 0.6 0.0157431
2.4 0.66 0.0174564
2.4 0.72 0.017747
2.4 0.78 0.0063503
2.4 0.84 -0.0112962
2.4 0.9 -0.0106497
2.4 0.96 0.00177374
2.4 1.02 0.0158951
2.4 1.08 0.0211209
2.4 1.14 0.0200386
2.4 1.2 0.0143094
2.4 1.26 0.00530355
2.4 1.32 -0.00476563
2.4 1.38 -0.0127746
2.4 1.44 -0.0178086
2.4 1.5 -0.0187334
2.4 1.56 -0.0144148
2.4 1.62 -0.00685664
2.4 1.68 0.00528903
2.4 1.74 0.0117486
2.4 1.8 0.0104189
2.4 1.86 0.00857661
2.4 1.92 0.00643208
2.4 1.98 0.00419568
2.4 2.04 0.00207777
2.4 2.1 0.000288721
2.4 2.16 7.77057e-05
2.4 2.22 0.000473549
2.4 2.28 0.00331081
2.4 2.34 0.00429216
2.4 2.4 0.00525121
2.4 2.46 0.00616721
2.4 2.52 0.00701941
2.4 2.58 0.00503181
2.4 2.64 -8.07019e-05
2.4 2.7 -0.00135106
2.4 2.76 0.00900746
2.4 2.82 0.0115115
2.4 2.88 -0.00241348
2.4 2.94 -0.0355457
2.4 3 1.06581e-14
2.46 0 1.11022e-16
2.46 0.06 0.00781348
2.46 0.12 0.0124331
2.46 0.18 0.0160589
2.46 0.24 0.0197464
2.46 0.3 0.0234168
2.46 0.36 0.0269915
2.46 0.42 0.0303917
2.46 0.48 0.0335387
2.46 0.54 0.0363537
2.46 0.6 0.0362396
2.46 0.66 0.0252792
2.46 0.72 -0.00144767
2.46 0.78 -0.0248937
2.46 0.84 -0.0294884
2.46 0.9 -0.0213739
2.46 0.96 -0.00349836
2.46 1.02 0.0194471
2.46 1.08 0.0343871
2.46 1.14 0.0404007
2.46 1.2 0.0403096
2.46 1.26 0.0357844
2.46 1.32 0.0281952
2.46 1.38 0.0189123
2.46 1.44 0.00930578
2.46 1.5 0.000745701
2.46 1.56 -0.00338442
2.46 1.62 -0.00176856
2.46 1.68 0.00282477
2.46 1.74 0.00220404
2.46 1.8 0.000873448
2.46 1.86 -0.000125423
2.46 1.92 -0.000695108
2.46 1.98 -0.00147524
2.46 2.04 -0.00225093
2.46 2.1 -0.00280732
2.46 2.16 -0.00292951
2.46 2.22 -0.00337828
2.46 2.28 0.00817559
2.46 2.34 0.0139349
2.46 2.4 0.0142485
2.46 2.46 0.0142994
2.46 2.52 0.0104784
2.46 2.58 -0.000218298
2.46 2.64 -0.00180658
2.46 2.7 -0.00465613
2.46 2.76 0.00467921
2.46 2.82 0.0137934
2.46 2.88 0.00273631
2.46 2.94 -0.0316805
2.46 3 1.42109e-14
2.52 0 2.22045e-16
2.52 0.06 0.0149364
2.52 0.12 0.0257853
2.52 0.18 0.0335691
2.52 0.24 0.0392899
2.52 0.3 0.0442293
2.52 0.36 0.0487944
2.52 0.42 0.0528864
2.52 0.48 0.0533514
2.52 0.54 0.0450511
2.52 0.6 0.023052
2.52 0.66 -0.0143202
2.52 0.72 -0.040599
2.52 0.78 -0.0500963
2.52 0.84 -0.0457086
2.52 0.9 -0.0327912
2.52 0.96 -0.0110091
2.52 1.02 0.0178711
2.52 1.08 0.0391944
2.52 1.14 0.052087
2.52 1.2 0.0560163
2.52 1.26 0.0540486
2.52 1.32 0.0478596
2.52 1.38 0.0388196
2.52 1.44 0.0282985
2.52 1.5 0.0176666
2.52 1.56 0.00829398
2.52 1.62 0.000719603
2.52 1.68 -1.29528e-05
2.52 1.74 -0.000130197
2.52 1.8 -0.00152544
2.52 1.86 -0.00322954
2.52 1.92 -0.00502765
2.52 1.98 -0.00670486
2.52 2.04 -0.00804631
2.52 2.1 -0.00883713
2.52 2.16 -0.0105263
2.52 2.22 -0.00671051
2.52 2.28 0.0114043
2.52 2.34 0.0226715
2.52 2.4 0.0235434
2.52 2.46 0.0171331
2.52 2.52 0.00443405
2.52 2.58 -0.00227801
2.52 2.64 -0.00450218
2.52 2.7 -0.00858437
2.52 2.76 -0.00308054
2.52 2.82 0.0128569
2.52 2.88 0.00799694
2.52 2.94 -0.0256553
2.52 3 -7.10543e-15
2.58 0 3.33067e-16
2.58 0.06 0.0198994
2.58 0.12 0.034825
2.58 0.18 0.0457991
2.58 0.24 0.0538443
2.58 0.3 0.0599829
2.58 0.36 0.0631739
2.58 0.42 0.0597575
2.58 0.48 0.0448031
2.58 0.54 0.0133772
2.58 0.6 -0.0287046
2.58 0.66 -0.056122
2.58 0.72 -0.0688278
2.58 0.78 -0.0682961
2.58 0.84 -0.0596351
2.58 0.9 -0.0435206
2.58 0.96 -0.0195029
2.58 1.02 0.0124766
2.58 1.08 0.0387341
2.58 1.14 0.0549869
2.58 1.2 0.0629659
2.58 1.26 0.0619388
2.58 1.32 0.0550759
2.58 1.38 0.0434727
2.58 1.44 0.0294612
2.58 1.5 0.0145984
2.58 1.56 0.000441561
2.58 1.62 -0.00253235
2.58 1.68 0.00472161
2.58 1.74 0.00114235
2.58 1.8 -0.00516764
2.58 1.86 -0.00814534
2.58 1.92 -0.0094074
2.58 1.98 -0.0116845
2.58 2.04 -0.0132945
2.58 2.1 -0.0153051
2.58 2.16 -0.0168207
2.58 2.22 -0.00896274
2.58 2.28 0.0135529
2.58 2.34 0.0265076
2.58 2.4 0.0249454
2.58 2.46 0.0109231
2.58 2.52 -0.00125082
2.58 2.58 -0.00500588
2.58 2.64 -0.00731262
2.58 2.7 -0.0123109
2.58 2.76 -0.00899293
2.58 2.82 0.00702594
2.58 2.88 0.0116922
2.58 2.94 -0.01747
2.58 3 0
2.64 0 -2.22045e-16
2.64 0.06 0.0227024
2.64 0.12 0.0395446
2.64 0.18 0.0515491
2.64 0.24 0.0597383
2.64 0.3 0.0634901
2.64 0.36 0.0578042
2.64 0.42 0.0378076
2.64 0.48 -0.00138984
2.64 0.54 -0.0423108
2.64 0.6 -0.0691726
2.64 0.66 -0.0833928
2.64 0.72 -0.0863887
2.64 0.78 -0.0809704
2.64 0.84 -0.0698216
2.64 0.9 -0.0521808
2.64 0.96 -0.0275985
2.64 1.02 0.00457318
2.64 1.08 0.0343158
2.64 1.14 0.0524796
2.64 1.2 0.0607958
2.64 1.26 0.0582655
2.64 1.32 0.0487248
2.64 1.38 0.0345857
2.64 1.44 0.0174053
2.64 1.5 -0.000994127
2.64 1.56 -0.00921456
2.64 1.62 -0.00531106
2.64 1.68 0.00715894
2.64 1.74 0.0115837
2.64 1.8 0.00461514
2.64 1.86 -0.00728608
2.64 1.92 -0.0138875
2.64 1.98 -0.0167461
2.64 2.04 -0.0166798
2.64 2.1 -0.0196252
2.64 2.16 -0.0198751
2.64 2.22 -0.010135
2.64 2.28 0.0146216
2.64 2.34 0.0271036
2.64 2.4 0.018025
2.64 2.46 0.00169903
2.64 2.52 -0.00392053
2.64 2.58 -0.00754702
2.64 2.64 -0.009383
2.64 2.7 -0.015011
2.64 2.76 -0.0136278
2.64 2.82 -0.00286443
2.64 2.88 0.0121458
2.64 2.94 -0.00712478
2.64 3 -7.10543e-15
2.7 0 -2.22045e-16
2.7 0.06 0.0233454
2.7 0.12 0.0399443
2.7 0.18 0.0508191
2.7 0.24 0.0561468
2.7 0.3 0.0498032
2.7 0.36 0.0263763
2.7 0.42 -0.0162474
2.7 0.48 -0.0528489
2.7 0.54 -0.0774609
2.7 0.6 -0.0915012
2.7 0.66 -0.0963872
2.7 0.72 -0.0937373
2.7 0.78 -0.0868526
2.7 0.84 -0.0748869
2.7 0.9 -0.0573909
2.7 0.96 -0.0339149
2.7 1.02 -0.00400956
2.7 1.08 0.0272488
2.7 1.14 0.0458746
2.7 1.2 0.0527602
2.7 1.26 0.0472656
2.7 1.32 0.0349825
2.7 1.38 0.0174681
2.7 1.44 -0.00294806
2.7 1.5 -0.0144891
2.7 1.56 -0.0159349
2.7 1.62 -0.00789884
2.7 1.68 0.00689064
2.7 1.74 0.0160839
2.7 1.8 0.0173605
2.7 1.86 0.00869456
2.7 1.92 -0.00659369
2.7 1.98 -0.0152446
2.7 2.04 -0.0185287
2.7 2.1 -0.0185453
2.7 2.16 -0.0196895
2.7 2.22 -0.0102272
2.7 2.28 0.0146103
2.7 2.34 0.0244597
2.7 2.4 0.00852988
2.7 2.46 -0.00208237
2.7 2.52 -0.00610194
2.7 2.58 -0.00904653
2.7 2.64 -0.00985843
2.7 2.7 -0.0158598
2.7 2.76 -0.0161604
2.7 2.82 -0.00901779
2.7 2.88 0.0076817
2.7 2.94 0.00112156
2.7 3 7.10543e-15
2.76 0 0
2.76 0.06 0.0218283
2.76 0.12 0.0360239
2.76 0.18 0.0434559
2.76 0.24 0.0380666
2.76 0.3 0.0128212
2.76 0.36 -0.0274409
2.76 0.42 -0.0580286
2.76 0.48 -0.0786968
2.76 0.54 -0.0908631
2.76 0.6 -0.0959449
2.76 0.66 -0.0953598
2.76 0.72 -0.0915537
2.76 0.78 -0.0845615
2.76 0.84 -0.07345
2.76 0.9 -0.0577696
2.76 0.96 -0.0370709
2.76 1.02 -0.0109044
2.76 1.08 0.0188427
2.76 1.14 0.0364814
2.76 1.2 0.0397575
2.76 1.26 0.0313141
2.76 1.32 0.0154492
2.76 1.38 -0.00486038
2.76 1.44 -0.0176844
2.76 1.5 -0.0224419
2.76 1.56 -0.0197462
2.76 1.62 -0.0102109
2.76 1.68 0.00404614
2.76 1.74 0.0147725
2.76 1.8 0.0210587
2.76 1.86 0.0208791
2.76 1.92 0.0122076
2.76 1.98 -0.00422338
2.76 2.04 -0.0133495
2.76 2.1 -0.0154848
2.76 2.16 -0.0162638
2.76 2.22 -0.00923944
2.76 2.28 0.0135189
2.76 2.34 0.0153783
2.76 2.4 -0.000327646
2.76 2.46 -0.00381362
2.76 2.52 -0.00694015
2.76 2.58 -0.00864951
2.76 2.64 -0.00788401
2.76 2.7 -0.0140324
2.76 2.76 -0.0157659
2.76 2.82 -0.011993
2.76 2.88 -0.00164848
2.76 2.94 0.00583486
2.76 3 1.42109e-14
2.82 0 0
2.82 0.06 0.0181513
2.82 0.12 0.0277835
2.82 0.18 0.0249061
2.82 0.24 -0.000533276
2.82 0.3 -0.0326802
2.82 0.36 -0.05556
2.82 0.42 -0.0705901
2.82 0.48 -0.0791883
2.82 0.54 -0.0830372
2.82 0.6 -0.0843219
2.82 0.66 -0.0830147
2.82 0.72 -0.0791155
2.82 0.78 -0.0727161
2.82 0.84 -0.0641295
2.82 0.9 -0.0519358
2.82 0.96 -0.0356854
2.82 1.02 -0.0149288
2.82 1.08 0.0104069
2.82 1.14 0.0256095
2.82 1.2 0.0242427
2.82 1.26 0.012011
2.82 1.32 -0.00605956
2.82 1.38 -0.018129
2.82 1.44 -0.0241605
2.82 1.5 -0.0247676
2.82 1.56 -0.0205637
2.82 1.62 -0.0121623
2.82 1.68 -0.00124511
2.82 1.74 0.00777873
2.82 1.8 0.0158392
2.82 1.86 0.0209103
2.82 1.92 0.0209663
2.82 1.98 0.0139811
2.82 2.04 -0.00130803
2.82 2.1 -0.00933513
2.82 2.16 -0.0095982
2.82 2.22 -0.00717168
2.82 2.28 0.0113476
2.82 2.34 0.0048026
2.82 2.4 -0.00151832
2.82 2.46 -0.00390011
2.82 2.52 -0.00558027
2.82 2.58 -0.00809421
2.82 2.64 -0.0107375
2.82 2.7 -0.0107888
2.82 2.76 -0.0116194
2.82 2.82 -0.0109653
2.82 2.88 -0.00567644
2.82 2.94 0.00560706
2.82 3 2.13163e-14
2.88 0 0
2.88 0.06 0.0123143
2.88 0.12 0.0126336
2.88 0.18 -0.00900024
2.88 0.24 -0.0296752
2.88 0.3 -0.0431529
2.88 0.36 -0.0510156
2.88 0.42 -0.0565095
2.88 0.48 -0.0602754
2.88 0.54 -0.0623132
2.88 0.6 -0.0626231
2.88 0.66 -0.061205
2.88 0.72 -0.0580588
2.88 0.78 -0.0531847
2.88 0.84 -0.0465825
2.88 0.9 -0.0385084
2.88 0.96 -0.0283772
2.88 1.02 -0.0147014
2.88 1.08 0.00325099
2.88 1.14 0.0144306
2.88 1.2 0.00781578
2.88 1.26 -0.00587408
2.88 1.32 -0.0151514
2.88 1.38 -0.0204194
2.88 1.44 -0.0222917
2.88 1.5 -0.0213816
2.88 1.56 -0.0201967
2.88 1.62 -0.0175289
2.88 1.68 -0.0131332
2.88 1.74 -0.00700937
2.88 1.8 0.000842413
2.88 1.86 0.00891775
2.88 1.92 0.0144657
2.88 1.98 0.0164491
2.88 2.04 0.0128423
2.88 2.1 0.0016192
2.88 2.16 -0.00433433
2.88 2.22 -0.00402391
2.88 2.28 0.00809625
2.88 2.34 -5.22775e-05
2.88 2.4 -0.000762659
2.88 2.46 -0.00234364
2.88 2.52 -0.00704191
2.88 2.58 -0.0100122
2.88 2.64 -0.0112544
2.88 2.7 -0.0107687
2.88 2.76 -0.00855498
2.88 2.82 -0.0051097
2.88 2.88 -0.00462561
2.88 2.94 -0.000378421
2.88 3 1.42109e-14
2.94 0 0
2.94 0.06 0.00356093
2.94 0.12 -0.00862706
2.94 0.18 -0.0161946
2.94 0.24 -0.0212602
2.94 0.3 -0.0254618
2.94 0.36 -0.0287994
2.94 0.42 -0.031273
2.94 0.48 -0.0328826
2.94 0.54 -0.0336282
2.94 0.6 -0.0335098
2.94 0.66 -0.0325274
2.94 0.72 -0.030681
2.94 0.78 -0.0279706
2.94 0.84 -0.0243962
2.94 0.9 -0.0199578
2.94 0.96 -0.0146554
2.94 1.02 -0.00884133
2.94 1.08 -0.00088491
2.94 1.14 0.00352587
2.94 1.2 -0.00363241
2.94 1.26 -0.00807996
2.94 1.32 -0.0110912
2.94 1.38 -0.0144071
2.94 1.44 -0.0168591
2.94 1.5 -0.0184471
2.94 1.56 -0.0191711
2.94 1.62 -0.0190311
2.94 1.68 -0.0180271
2.94 1.74 -0.0161591
2.94 1.8 -0.0134271
2.94 1.86 -0.00983104
2.94 1.92 -0.00537103
2.94 1.98 -4.70189e-05
2.94 2.04 0.00614099
2.94 2.1 0.00761795
2.94 2.16 0.00291579
2.94 2.22 0.000203858
2.94 2.28 0.00124511
2.94 2.34 0.00163596
2.94 2.4 -0.00126106
2.94 2.46 -0.00421423
2.94 2.52 -0.00630341
2.94 2.58 -0.00752859
2.94 2.64 -0.00788976
2.94 2.7 -0.00738694
2.94 2.76 -0.00602012
2.94 2.82 -0.00378929
2.94 2.88 -0.000694469
2.94 2.94 8.53766e-05
2.94 3 -1.42109e-14
3 0 0
3 0.06 3.05311e-16
3 0.12 1.11022e-16
3 0.18 -4.44089e-16
3 0.24 1.77636e-15
3 0.3 1.77636e-15
3 0.36 8.88178e-16
3 0.42 4.44089e-15
3 0.48 3.55271e-15
3 0.54 5.32907e-15
3 0.6 3.55271e-15
3 0.66 3.55271e-15
3 0.72 1.77636e-15
3 0.78 7.10543e-15
3 0.84 1.06581e-14
3 0.9 1.06581e-14
3 0.96 1.06581e-14
3 1.02 7.10543e-15
3 1.08 1.06581e-14
3 1.14 7.10543e-15
3 1.2 0
3 1.26 7.10543e-15
3 1.32 7.10543e-15
3 1.38 7.10543e-15
3 1.44 0
3 1.5 7.10543e-15
3 1.56 1.42109e-14
3 1.62 1.42109e-14
3 1.68 0
3 1.74 1.42109e-14
3 1.8 0
3 1.86 0
3 1.92 7.10543e-15
3 1.98 7.10543e-15
3 2.04 1.42109e-14
3 2.1 -1.42109e-14
3 2.16 1.42109e-14
3 2.22 -7.10543e-15
3 2.28 -7.10543e-15
3 2.34 -7.10543e-15
3 2.4 0
3 2.46 0
3 2.52 -7.10543e-15
3 2.58 7.10543e-15
3 2.64 0
3 2.7 0
3 2.76 2.84217e-14
3 2.82 1.42109e-14
3 2.88 -2.84217e-14
3 2.94 -2.84217e-14
3 3 0
