0 0 1
0 0.06 1.00022
0 0.12 1.00173
0 0.18 1.00583
0 0.24 1.01382
0 0.3 1.027
0 0.36 1.04666
0 0.42 1.07409
0 0.48 1.11059
0 0.54 1.15746
0 0.6 1.216
0 0.66 1.2875
0 0.72 1.37325
0 0.78 1.47455
0 0.84 1.5927
0 0.9 1.729
0 0.96 1.88474
0 1.02 2.06121
0 1.08 2.25971
0 1.14 2.48154
0 1.2 2.728
0 1.26 3.00038
0 1.32 3.29997
0 1.38 3.62807
0 1.44 3.98598
0 1.5 4.375
0 1.56 4.79642
0 1.62 5.25153
0 1.68 5.74163
0 1.74 6.26802
0 1.8 6.832
0 1.86 7.43486
0 1.92 8.07789
0 1.98 8.76239
0 2.04 9.48966
0 2.1 10.261
0 2.16 11.0777
0 2.22 11.941
0 2.28 12.8524
0 2.34 13.8129
0 2.4 14.824
0 2.46 15.8869
0 2.52 17.003
0 2.58 18.1735
0 2.64 19.3997
0 2.7 20.683
0 2.76 22.0246
0 2.82 23.4258
0 2.88 24.8879
0 2.94 26.4122
0 3 28
0.06 0 1
0.06 0.06 1.03449
0.06 0.12 1.07279
0.06 0.18 1.10409
0.06 0.24 1.13777
0.06 0.3 1.17664
0.06 0.36 1.22199
0.06 0.42 1.27512
0.06 0.48 1.33731
0.06 0.54 1.40988
0.06 0.6 1.49411
0.06 0.66 1.5913
0.06 0.72 1.70274
0.06 0.78 1.82974
0.06 0.84 1.97358
0.06 0.9 2.13557
0.06 0.96 2.317
0.06 1.02 2.51917
0.06 1.08 2.74336
0.06 1.14 2.9884
0.06 1.2 3.25464
0.06 1.26 3.53958
0.06 1.32 3.84859
0.06 1.38 4.20002
0.06 1.44 4.58787
0.06 1.5 4.99865
0.06 1.56 5.43451
0.06 1.62 5.89794
0.06 1.68 6.39145
0.06 1.74 6.9194
0.06 1.8 7.48494
0.06 1.86 8.08935
0.06 1.92 8.73394
0.06 1.98 9.42
0.06 2.04 10.1488
0.06 2.1 10.9217
0.06 2.16 11.74
0.06 2.22 12.6049
0.06 2.28 13.5177
0.06 2.34 14.4798
0.06 2.4 15.4925
0.06 2.46 16.557
0.06 2.52 17.6746
0.06 2.58 18.8467
0.06 2.64 20.0743
0.06 2.7 21.3584
0.06 2.76 22.7007
0.06 2.82 24.1026
0.06 2.88 25.5655
0.06 2.94 27.0896
0.06 3 28.666
0.12 0 1
0.12 0.06 1.05645
0.12 0.12 1.13285
0.12 0.18 1.21059
0.12 0.24 1.2804
0.12 0.3 1.34619
0.12 0.36 1.41394
0.12 0.42 1.48941
0.12 0.48 1.57396
0.12 0.54 1.66887
0.12 0.6 1.77545
0.12 0.66 1.89498
0.12 0.72 2.02877
0.12 0.78 2.17812
0.12 0.84 2.34431
0.12 0.9 2.52865
0.12 0.96 2.7324
0.12 1.02 2.95495
0.12 1.08 3.19583
0.12 1.14 3.45559
0.12 1.2 3.73961
0.12 1.26 4.04095
0.12 1.32 4.35769
0.12 1.38 4.69874
0.12 1.44 5.07679
0.12 1.5 5.49823
0.12 1.56 5.96323
0.12 1.62 6.4673
0.12 1.68 6.99662
0.12 1.74 7.55249
0.12 1.8 8.13741
0.12 1.86 8.75389
0.12 1.92 9.40442
0.12 1.98 10.0915
0.12 2.04 10.8177
0.12 2.1 11.5854
0.12 2.16 12.3971
0.12 2.22 13.255
0.12 2.28 14.1606
0.12 2.34 15.1154
0.12 2.4 16.1209
0.12 2.46 17.1785
0.12 2.52 18.2898
0.12 2.58 19.456
0.12 2.64 20.6788
0.12 2.7 21.9595
0.12 2.76 23.2995
0.12 2.82 24.7004
0.12 2.88 26.1572
0.12 2.94 27.665
0.12 3 29.224
0.18 0 1
0.18 0.06 1.0753
0.18 0.12 1.176
0.18 0.18 1.2874
0.18 0.24 1.40059
0.18 0.3 1.50574
0.18 0.36 1.60672
0.18 0.42 1.70746
0.18 0.48 1.81202
0.18 0.54 1.92594
0.18 0.6 2.05151
0.18 0.66 2.19005
0.18 0.72 2.34285
0.18 0.78 2.51119
0.18 0.84 2.69636
0.18 0.9 2.89837
0.18 0.96 3.11731
0.18 1.02 3.35372
0.18 1.08 3.60815
0.18 1.14 3.88241
0.18 1.2 4.18242
0.18 1.26 4.49926
0.18 1.32 4.82724
0.18 1.38 5.17689
0.18 1.44 5.55246
0.18 1.5 5.95999
0.18 1.56 6.40936
0.18 1.62 6.90117
0.18 1.68 7.4356
0.18 1.74 8.01283
0.18 1.8 8.6307
0.18 1.86 9.27645
0.18 1.92 9.95023
0.18 1.98 10.6545
0.18 2.04 11.3919
0.18 2.1 12.1647
0.18 2.16 12.9756
0.18 2.22 13.827
0.18 2.28 14.7221
0.18 2.34 15.6671
0.18 2.4 16.6639
0.18 2.46 17.7141
0.18 2.52 18.8191
0.18 2.58 19.9804
0.18 2.64 21.1993
0.18 2.7 22.4773
0.18 2.76 23.814
0.18 2.82 25.2027
0.18 2.88 26.6425
0.18 2.94 28.128
0.18 3 29.674
0.24 0 1
0.24 0.06 1.09412
0.24 0.12 1.21441
0.24 0.18 1.34807
0.24 0.24 1.49049
0.24 0.3 1.63513
0.24 0.36 1.77164
0.24 0.42 1.90383
0.24 0.48 2.03562
0.24 0.54 2.17096
0.24 0.6 2.31377
0.24 0.66 2.46801
0.24 0.72 2.63644
0.24 0.78 2.81988
0.24 0.84 3.01885
0.24 0.9 3.23388
0.24 0.96 3.46553
0.24 1.02 3.71434
0.24 1.08 3.98088
0.24 1.14 4.26945
0.24 1.2 4.58259
0.24 1.26 4.91215
0.24 1.32 5.25248
0.24 1.38 5.60961
0.24 1.44 5.99172
0.24 1.5 6.40158
0.24 1.56 6.84233
0.24 1.62 7.32203
0.24 1.68 7.84306
0.24 1.74 8.4056
0.24 1.8 9.00983
0.24 1.86 9.65591
0.24 1.92 10.344
0.24 1.98 11.0735
0.24 2.04 11.8335
0.24 2.1 12.6231
0.24 2.16 13.4447
0.24 2.22 14.3007
0.24 2.28 15.1938
0.24 2.34 16.13
0.24 2.4 17.119
0.24 2.46 18.1625
0.24 2.52 19.2621
0.24 2.58 20.4191
0.24 2.64 21.6348
0.24 2.7 22.9046
0.24 2.76 24.2258
0.24 2.82 25.5982
0.24 2.88 27.0213
0.24 2.94 28.478
0.24 3 30.016
0.3 0 1
0.3 0.06 1.11294
0.3 0.12 1.25017
0.3 0.18 1.40415
0.3 0.24 1.56497
0.3 0.3 1.73445
0.3 0.36 1.90653
0.3 0.42 2.07042
0.3 0.48 2.22983
0.3 0.54 2.38871
0.3 0.6 2.55099
0.3 0.66 2.72058
0.3 0.72 2.90165
0.3 0.78 3.09728
0.3 0.84 3.30811
0.3 0.9 3.53471
0.3 0.96 3.7776
0.3 1.02 4.03735
0.3 1.08 4.31549
0.3 1.14 4.61624
0.3 1.2 4.93964
0.3 1.26 5.27913
0.3 1.32 5.63055
0.3 1.38 5.99525
0.3 1.44 6.38259
0.3 1.5 6.79674
0.3 1.56 7.24044
0.3 1.62 7.71647
0.3 1.68 8.22896
0.3 1.74 8.78162
0.3 1.8 9.37468
0.3 1.86 10.0083
0.3 1.92 10.6827
0.3 1.98 11.398
0.3 2.04 12.1543
0.3 2.1 12.952
0.3 2.16 13.7909
0.3 2.22 14.6632
0.3 2.28 15.5665
0.3 2.34 16.5032
0.3 2.4 17.4851
0.3 2.46 18.5228
0.3 2.52 19.6177
0.3 2.58 20.7691
0.3 2.64 21.972
0.3 2.7 23.2264
0.3 2.76 24.532
0.3 2.82 25.8887
0.3 2.88 27.2912
0.3 2.94 28.7177
0.3 3 30.25
0.36 0 1
0.36 0.06 1.13177
0.36 0.12 1.28585
0.36 0.18 1.45678
0.36 0.24 1.63505
0.36 0.3 1.81906
0.36 0.36 2.01159
0.36 0.42 2.20713
0.36 0.48 2.39441
0.36 0.54 2.57708
0.36 0.6 2.75906
0.36 0.66 2.94429
0.36 0.72 3.13711
0.36 0.78 3.34345
0.36 0.84 3.56469
0.36 0.9 3.80138
0.36 0.96 4.05405
0.36 1.02 4.3233
0.36 1.08 4.61222
0.36 1.14 4.92228
0.36 1.2 5.25308
0.36 1.26 5.59971
0.36 1.32 5.95945
0.36 1.38 6.33241
0.36 1.44 6.72364
0.36 1.5 7.14075
0.36 1.56 7.58648
0.36 1.62 8.06361
0.36 1.68 8.57488
0.36 1.74 9.12284
0.36 1.8 9.70956
0.36 1.86 10.3355
0.36 1.92 11.001
0.36 1.98 11.706
0.36 2.04 12.4509
0.36 2.1 13.2358
0.36 2.16 14.0608
0.36 2.22 14.9261
0.36 2.28 15.832
0.36 2.34 16.7785
0.36 2.4 17.7616
0.36 2.46 18.7939
0.36 2.52 19.8792
0.36 2.58 21.016
0.36 2.64 22.2042
0.36 2.7 23.4437
0.36 2.76 24.7343
0.36 2.82 26.0754
0.36 2.88 27.4522
0.36 2.94 28.8581
0.36 3 30.376
0.42 0 1
0.42 0.06 1.15059
0.42 0.12 1.32154
0.42 0.18 1.50747
0.42 0.24 1.70184
0.42 0.3 1.89944
0.42 0.36 2.10265
0.42 0.42 2.31427
0.42 0.48 2.52927
0.42 0.54 2.73596
0.42 0.6 2.93789
0.42 0.66 3.13899
0.42 0.72 3.34333
0.42 0.78 3.55893
0.42 0.84 3.78911
0.42 0.9 4.03443
0.42 0.96 4.29542
0.42 1.02 4.57332
0.42 1.08 4.87059
0.42 1.14 5.18709
0.42 1.2 5.52242
0.42 1.26 5.87343
0.42 1.32 6.2387
0.42 1.38 6.61835
0.42 1.44 7.01344
0.42 1.5 7.43218
0.42 1.56 7.87862
0.42 1.62 8.35552
0.42 1.68 8.86562
0.42 1.74 9.41146
0.42 1.8 9.99488
0.42 1.86 10.6164
0.42 1.92 11.2761
0.42 1.98 11.9743
0.42 2.04 12.711
0.42 2.1 13.4866
0.42 2.16 14.301
0.42 2.22 15.1546
0.42 2.28 16.0475
0.42 2.34 16.98
0.42 2.4 17.9506
0.42 2.46 18.965
0.42 2.52 20.0363
0.42 2.58 21.159
0.42 2.64 22.333
0.42 2.7 23.5582
0.42 2.76 24.8345
0.42 2.82 26.157
0.42 2.88 27.5043
0.42 2.94 28.8989
0.42 3 30.394
0.48 0 1
0.48 0.06 1.16941
0.48 0.12 1.35722
0.48 0.18 1.55806
0.48 0.24 1.76646
0.48 0.3 1.97671
0.48 0.36 2.18966
0.48 0.42 2.40809
0.48 0.48 2.6348
0.48 0.54 2.86526
0.48 0.6 3.08739
0.48 0.66 3.30461
0.48 0.72 3.52085
0.48 0.78 3.74425
0.48 0.84 3.9819
0.48 0.9 4.23438
0.48 0.96 4.50226
0.48 1.02 4.78735
0.48 1.08 5.0901
0.48 1.14 5.41017
0.48 1.2 5.74719
0.48 1.26 6.09978
0.48 1.32 6.4678
0.48 1.38 6.85136
0.48 1.44 7.25057
0.48 1.5 7.66962
0.48 1.56 8.11543
0.48 1.62 8.59077
0.48 1.68 9.09838
0.48 1.74 9.64085
0.48 1.8 10.22
0.48 1.86 10.8361
0.48 1.92 11.4892
0.48 1.98 12.1796
0.48 2.04 12.9074
0.48 2.1 13.6728
0.48 2.16 14.4759
0.48 2.22 15.317
0.48 2.28 16.1951
0.48 2.34 17.1101
0.48 2.4 18.0597
0.48 2.46 19.0438
0.48 2.52 20.0915
0.48 2.58 21.1999
0.48 2.64 22.3603
0.48 2.7 23.5719
0.48 2.76 24.8337
0.48 2.82 26.1338
0.48 2.88 27.4474
0.48 2.94 28.8389
0.48 3 30.304
0.54 0 1
0.54 0.06 1.18823
0.54 0.12 1.39291
0.54 0.18 1.60864
0.54 0.24 1.83006
0.54 0.3 2.05197
0.54 0.36 2.27371
0.54 0.42 2.49802
0.54 0.48 2.7277
0.54 0.54 2.96553
0.54 0.6 3.20745
0.54 0.66 3.44103
0.54 0.72 3.66955
0.54 0.78 3.89994
0.54 0.84 4.14361
0.54 0.9 4.40178
0.54 0.96 4.6753
0.54 1.02 4.96491
0.54 1.08 5.27027
0.54 1.14 5.59105
0.54 1.2 5.92677
0.54 1.26 6.27828
0.54 1.32 6.64627
0.54 1.38 7.03096
0.54 1.44 7.43246
0.54 1.5 7.85163
0.54 1.56 8.29549
0.54 1.62 8.76794
0.54 1.68 9.2717
0.54 1.74 9.80995
0.54 1.8 10.3838
0.54 1.86 10.9933
0.54 1.92 11.6387
0.54 1.98 12.3202
0.54 2.04 13.0379
0.54 2.1 13.7918
0.54 2.16 14.581
0.54 2.22 15.4056
0.54 2.28 16.2656
0.54 2.34 17.1611
0.54 2.4 18.0875
0.54 2.46 19.0434
0.54 2.52 20.0588
0.54 2.58 21.1426
0.54 2.64 22.2878
0.54 2.7 23.4863
0.54 2.76 24.7317
0.54 2.82 26.0058
0.54 2.88 27.2817
0.54 2.94 28.6768
0.54 3 30.106
0.6 0 1
0.6 0.06 1.20705
0.6 0.12 1.42859
0.6 0.18 1.65923
0.6 0.24 1.89357
0.6 0.3 2.12604
0.6 0.36 2.35593
0.6 0.42 2.58518
0.6 0.48 2.81688
0.6 0.54 3.05381
0.6 0.6 3.29878
0.6 0.66 3.54817
0.6 0.72 3.78922
0.6 0.78 4.02654
0.6 0.84 4.27475
0.6 0.9 4.53718
0.6 0.96 4.81425
0.6 1.02 5.10551
0.6 1.08 5.41049
0.6 1.14 5.72854
0.6 1.2 6.06083
0.6 1.26 6.40873
0.6 1.32 6.77364
0.6 1.38 7.15666
0.6 1.44 7.55768
0.6 1.5 7.97678
0.6 1.56 8.41737
0.6 1.62 8.8856
0.6 1.68 9.38458
0.6 1.74 9.91754
0.6 1.8 10.4849
0.6 1.86 11.0867
0.6 1.92 11.7234
0.6 1.98 12.3942
0.6 2.04 13.0988
0.6 2.1 13.8373
0.6 2.16 14.6097
0.6 2.22 15.416
0.6 2.28 16.2563
0.6 2.34 17.1299
0.6 2.4 18.0324
0.6 2.46 18.9633
0.6 2.52 19.9425
0.6 2.58 20.9968
0.6 2.64 22.1192
0.6 2.7 23.3027
0.6 2.76 24.5291
0.6 2.82 25.773
0.6 2.88 27.0152
0.6 2.94 28.4116
0.6 3 29.8
0.66 0 1
0.66 0.06 1.22588
0.66 0.12 1.46427
0.66 0.18 1.70981
0.66 0.24 1.95524
0.66 0.3 2.19601
0.66 0.36 2.43339
0.66 0.42 2.66867
0.66 0.48 2.90317
0.66 0.54 3.13855
0.66 0.6 3.37876
0.66 0.66 3.62688
0.66 0.72 3.87974
0.66 0.78 4.12457
0.66 0.84 4.37587
0.66 0.9 4.64087
0.66 0.96 4.91863
0.66 1.02 5.20803
0.66 1.08 5.50866
0.66 1.14 5.8219
0.66 1.2 6.14913
0.66 1.26 6.49174
0.66 1.32 6.85112
0.66 1.38 7.22865
0.66 1.44 7.62573
0.66 1.5 8.04273
0.66 1.56 8.47964
0.66 1.62 8.94232
0.66 1.68 9.43585
0.66 1.74 9.9624
0.66 1.8 10.5221
0.66 1.86 11.1142
0.66 1.92 11.7385
0.66 1.98 12.3951
0.66 2.04 13.0841
0.66 2.1 13.8055
0.66 2.16 14.5594
0.66 2.22 15.3459
0.66 2.28 16.1649
0.66 2.34 17.0145
0.66 2.4 17.8926
0.66 2.46 18.799
0.66 2.52 19.7426
0.66 2.58 20.763
0.66 2.64 21.8586
0.66 2.7 23.022
0.66 2.76 24.2259
0.66 2.82 25.4353
0.66 2.88 26.6518
0.66 2.94 28.0406
0.66 3 29.386
0.72 0 1
0.72 0.06 1.2447
0.72 0.12 1.49996
0.72 0.18 1.75837
0.72 0.24 2.01066
0.72 0.3 2.2574
0.72 0.36 2.49992
0.72 0.42 2.73952
0.72 0.48 2.9775
0.72 0.54 3.21518
0.72 0.6 3.45386
0.72 0.66 3.69488
0.72 0.72 3.94217
0.72 0.78 4.19451
0.72 0.84 4.44748
0.72 0.9 4.71225
0.72 0.96 4.9861
0.72 1.02 5.26953
0.72 1.08 5.56395
0.72 1.14 5.87073
0.72 1.2 6.19126
0.72 1.26 6.52693
0.72 1.32 6.87913
0.72 1.38 7.24925
0.72 1.44 7.63867
0.72 1.5 8.04879
0.72 1.56 8.48088
0.72 1.62 8.9371
0.72 1.68 9.42405
0.72 1.74 9.94167
0.72 1.8 10.49
0.72 1.86 11.0691
0.72 1.92 11.679
0.72 1.98 12.3198
0.72 2.04 12.9915
0.72 2.1 13.6942
0.72 2.16 14.428
0.72 2.22 15.1929
0.72 2.28 15.9887
0.72 2.34 16.8133
0.72 2.4 17.6665
0.72 2.46 18.5478
0.72 2.52 19.459
0.72 2.58 20.4413
0.72 2.64 21.5056
0.72 2.7 22.6448
0.72 2.76 23.822
0.72 2.82 24.9927
0.72 2.88 26.1904
0.72 2.94 27.5615
0.72 3 28.864
0.78 0 1
0.78 0.06 1.26352
0.78 0.12 1.53431
0.78 0.18 1.79873
0.78 0.24 2.05548
0.78 0.3 2.30585
0.78 0.36 2.55117
0.78 0.42 2.79274
0.78 0.48 3.03186
0.78 0.54 3.26986
0.78 0.6 3.50802
0.78 0.66 3.74768
0.78 0.72 3.99013
0.78 0.78 4.23668
0.78 0.84 4.48864
0.78 0.9 4.74727
0.78 0.96 5.01392
0.78 1.02 5.28996
0.78 1.08 5.57675
0.78 1.14 5.87566
0.78 1.2 6.18804
0.78 1.26 6.51527
0.78 1.32 6.8587
0.78 1.38 7.2197
0.78 1.44 7.59963
0.78 1.5 8.00094
0.78 1.56 8.42363
0.78 1.62 8.86155
0.78 1.68 9.3383
0.78 1.74 9.84662
0.78 1.8 10.3832
0.78 1.86 10.9484
0.78 1.92 11.5425
0.78 1.98 12.1658
0.78 2.04 12.8186
0.78 2.1 13.5009
0.78 2.16 14.213
0.78 2.22 14.9546
0.78 2.28 15.7255
0.78 2.34 16.5247
0.78 2.4 17.3523
0.78 2.46 18.208
0.78 2.52 19.0916
0.78 2.58 20.0316
0.78 2.64 21.0605
0.78 2.7 22.1711
0.78 2.76 23.3173
0.78 2.82 24.4451
0.78 2.88 25.6298
0.78 2.94 26.9745
0.78 3 28.234
0.84 0 1
0.84 0.06 1.2819
0.84 0.12 1.55909
0.84 0.18 1.82646
0.84 0.24 2.08533
0.84 0.3 2.33699
0.84 0.36 2.58277
0.84 0.42 2.82401
0.84 0.48 3.06239
0.84 0.54 3.29932
0.84 0.6 3.53609
0.84 0.66 3.774
0.84 0.72 4.01433
0.84 0.78 4.25609
0.84 0.84 4.49852
0.84 0.9 4.75435
0.84 0.96 5.01554
0.84 1.02 5.28345
0.84 1.08 5.56023
0.84 1.14 5.848
0.84 1.2 6.14865
0.84 1.26 6.46369
0.84 1.32 6.79569
0.84 1.38 7.14734
0.84 1.44 7.52072
0.84 1.5 7.90972
0.84 1.56 8.30942
0.84 1.62 8.7216
0.84 1.68 9.16308
0.84 1.74 9.64748
0.84 1.8 10.1755
0.84 1.86 10.7316
0.84 1.92 11.314
0.84 1.98 11.9228
0.84 2.04 12.5584
0.84 2.1 13.221
0.84 2.16 13.911
0.84 2.22 14.6285
0.84 2.28 15.3736
0.84 2.34 16.1469
0.84 2.4 16.9485
0.84 2.46 17.778
0.84 2.52 18.6352
0.84 2.58 19.5338
0.84 2.64 20.523
0.84 2.7 21.6008
0.84 2.76 22.7117
0.84 2.82 23.795
0.84 2.88 24.9686
0.84 2.94 26.2794
0.84 3 27.496
0.9 0 1
0.9 0.06 1.29088
0.9 0.12 1.57035
0.9 0.18 1.83971
0.9 0.24 2.10025
0.9 0.3 2.35327
0.9 0.36 2.60005
0.9 0.42 2.84189
0.9 0.48 3.08007
0.9 0.54 3.3159
0.9 0.6 3.55066
0.9 0.66 3.78565
0.9 0.72 4.02126
0.9 0.78 4.24771
0.9 0.84 4.4749
0.9 0.9 4.72323
0.9 0.96 4.97928
0.9 1.02 5.24025
0.9 1.08 5.50709
0.9 1.14 5.78197
0.9 1.2 6.06882
0.9 1.26 6.37294
0.9 1.32 6.69701
0.9 1.38 7.03934
0.9 1.44 7.39476
0.9 1.5 7.76281
0.9 1.56 8.13573
0.9 1.62 8.5227
0.9 1.68 8.93647
0.9 1.74 9.38194
0.9 1.8 9.86979
0.9 1.86 10.4021
0.9 1.92 10.9752
0.9 1.98 11.5734
0.9 2.04 12.1956
0.9 2.1 12.8422
0.9 2.16 13.5135
0.9 2.22 14.2097
0.9 2.28 14.9312
0.9 2.34 15.6783
0.9 2.4 16.4532
0.9 2.46 17.256
0.9 2.52 18.0865
0.9 2.58 18.9479
0.9 2.64 19.8931
0.9 2.7 20.9338
0.9 2.76 22.0054
0.9 2.82 23.0501
0.9 2.88 24.2056
0.9 2.94 25.4764
0.9 3 26.65
0.96 0 1
0.96 0.06 1.29146
0.96 0.12 1.57983
0.96 0.18 1.8522
0.96 0.24 2.11353
0.96 0.3 2.36643
0.96 0.36 2.61218
0.96 0.42 2.85208
0.96 0.48 3.08742
0.96 0.54 3.31949
0.96 0.6 3.54959
0.96 0.66 3.77878
0.96 0.72 4.00111
0.96 0.78 4.21054
0.96 0.84 4.42009
0.96 0.9 4.65854
0.96 0.96 4.9041
0.96 1.02 5.1562
0.96 1.08 5.41273
0.96 1.14 5.67455
0.96 1.2 5.95091
0.96 1.26 6.24638
0.96 1.32 6.55597
0.96 1.38 6.87844
0.96 1.44 7.21348
0.96 1.5 7.55886
0.96 1.56 7.90388
0.96 1.62 8.26536
0.96 1.68 8.65311
0.96 1.74 9.06758
0.96 1.8 9.51611
0.96 1.86 10.0049
0.96 1.92 10.5358
0.96 1.98 11.1105
0.96 2.04 11.7227
0.96 2.1 12.3569
0.96 2.16 13.0132
0.96 2.22 13.6918
0.96 2.28 14.3929
0.96 2.34 15.1169
0.96 2.4 15.8649
0.96 2.46 16.6404
0.96 2.52 17.4435
0.96 2.58 18.2738
0.96 2.64 19.1708
0.96 2.7 20.1702
0.96 2.76 21.1981
0.96 2.82 22.2098
0.96 2.88 23.3397
0.96 2.94 24.5653
0.96 3 25.696
1.02 0 1
1.02 0.06 1.27689
1.02 0.12 1.56712
1.02 0.18 1.85101
1.02 0.24 2.11849
1.02 0.3 2.37184
1.02 0.36 2.61426
1.02 0.42 2.84957
1.02 0.48 3.07941
1.02 0.54 3.30508
1.02 0.6 3.52784
1.02 0.66 3.74527
1.02 0.72 3.95216
1.02 0.78 4.14457
1.02 0.84 4.33626
1.02 0.9 4.56195
1.02 0.96 4.79535
1.02 1.02 5.03414
1.02 1.08 5.27816
1.02 1.14 5.52845
1.02 1.2 5.79283
1.02 1.26 6.07027
1.02 1.32 6.36043
1.02 1.38 6.66302
1.02 1.44 6.97759
1.02 1.5 7.29795
1.02 1.56 7.61476
1.02 1.62 7.95042
1.02 1.68 8.31183
1.02 1.74 8.69937
1.02 1.8 9.11416
1.02 1.86 9.56357
1.02 1.92 10.0509
1.02 1.98 10.5779
1.02 2.04 11.1463
1.02 2.1 11.758
1.02 2.16 12.4029
1.02 2.22 13.0674
1.02 2.28 13.7519
1.02 2.34 14.4565
1.02 2.4 15.1816
1.02 2.46 15.9295
1.02 2.52 16.7046
1.02 2.58 17.507
1.02 2.64 18.356
1.02 2.7 19.3098
1.02 2.76 20.2898
1.02 2.82 21.273
1.02 2.88 22.3697
1.02 2.94 23.5463
1.02 3 24.634
1.08 0 1
1.08 0.06 1.25499
1.08 0.12 1.53879
1.08 0.18 1.8199
1.08 0.24 2.09485
1.08 0.3 2.35333
1.08 0.36 2.59685
1.08 0.42 2.82841
1.08 0.48 3.05102
1.08 0.54 3.26765
1.08 0.6 3.47939
1.08 0.66 3.68296
1.08 0.72 3.87441
1.08 0.78 4.04979
1.08 0.84 4.22363
1.08 0.9 4.43447
1.08 0.96 4.65432
1.08 1.02 4.87833
1.08 1.08 5.10574
1.08 1.14 5.33788
1.08 1.2 5.5822
1.08 1.26 5.84041
1.08 1.32 6.11118
1.08 1.38 6.3939
1.08 1.44 6.68698
1.08 1.5 6.98066
1.08 1.56 7.26921
1.08 1.62 7.57873
1.08 1.68 7.91346
1.08 1.74 8.2738
1.08 1.8 8.66016
1.08 1.86 9.07449
1.08 1.92 9.52229
1.08 1.98 10.0056
1.08 2.04 10.5262
1.08 2.1 11.0859
1.08 2.16 11.6864
1.08 2.22 12.3294
1.08 2.28 13.0009
1.08 2.34 13.6899
1.08 2.4 14.3966
1.08 2.46 15.1215
1.08 2.52 15.8683
1.08 2.58 16.642
1.08 2.64 17.4486
1.08 2.7 18.3527
1.08 2.76 19.2806
1.08 2.82 20.2384
1.08 2.88 21.294
1.08 2.94 22.4192
1.08 3 23.464
1.14 0 1
1.14 0.06 1.23118
1.14 0.12 1.50237
1.14 0.18 1.77472
1.14 0.24 2.04276
1.14 0.3 2.30433
1.14 0.36 2.54959
1.14 0.42 2.77907
1.14 0.48 2.99577
1.14 0.54 3.20269
1.14 0.6 3.40214
1.14 0.66 3.59186
1.14 0.72 3.76787
1.14 0.78 3.92622
1.14 0.84 4.0822
1.14 0.9 4.27713
1.14 0.96 4.48179
1.14 1.02 4.68795
1.14 1.08 4.89505
1.14 1.14 5.10741
1.14 1.2 5.3271
1.14 1.26 5.56132
1.14 1.32 5.80997
1.14 1.38 6.07188
1.14 1.44 6.34209
1.14 1.5 6.6076
1.14 1.56 6.86808
1.14 1.62 7.15113
1.14 1.68 7.45886
1.14 1.74 7.79168
1.14 1.8 8.14997
1.14 1.86 8.53415
1.14 1.92 8.94653
1.14 1.98 9.39025
1.14 2.04 9.8671
1.14 2.1 10.3788
1.14 2.16 10.9273
1.14 2.22 11.5141
1.14 2.28 12.1412
1.14 2.34 12.8097
1.14 2.4 13.5018
1.14 2.46 14.2094
1.14 2.52 14.9326
1.14 2.58 15.6773
1.14 2.64 16.4487
1.14 2.7 17.2987
1.14 2.76 18.1767
1.14 2.82 19.1048
1.14 2.88 20.1112
1.14 2.94 21.1842
1.14 3 22.186
1.2 0 1
1.2 0.06 1.20737
1.2 0.12 1.45927
1.2 0.18 1.72087
1.2 0.24 1.9776
1.2 0.3 2.2286
1.2 0.36 2.47246
1.2 0.42 2.70028
1.2 0.48 2.9115
1.2 0.54 3.10912
1.2 0.6 3.29609
1.2 0.66 3.47195
1.2 0.72 3.63252
1.2 0.78 3.77385
1.2 0.84 3.91197
1.2 0.9 4.09057
1.2 0.96 4.27641
1.2 1.02 4.4604
1.2 1.08 4.64586
1.2 1.14 4.83639
1.2 1.2 5.03233
1.2 1.26 5.23851
1.2 1.32 5.46072
1.2 1.38 5.69789
1.2 1.44 5.94351
1.2 1.5 6.17934
1.2 1.56 6.4122
1.2 1.62 6.66847
1.2 1.68 6.94887
1.2 1.74 7.25383
1.2 1.8 7.58373
1.2 1.86 7.93899
1.2 1.92 8.32006
1.2 1.98 8.72826
1.2 2.04 9.16542
1.2 2.1 9.63332
1.2 2.16 10.1337
1.2 2.22 10.6684
1.2 2.28 11.2392
1.2 2.34 11.8478
1.2 2.4 12.496
1.2 2.46 13.1838
1.2 2.52 13.8907
1.2 2.58 14.611
1.2 2.64 15.3526
1.2 2.7 16.1478
1.2 2.76 16.9802
1.2 2.82 17.8695
1.2 2.88 18.8222
1.2 2.94 19.8411
1.2 3 20.8
1.26 0 1
1.26 0.06 1.18355
1.26 0.12 1.41142
1.26 0.18 1.65976
1.26 0.24 1.90322
1.26 0.3 2.14038
1.26 0.36 2.37038
1.26 0.42 2.59221
1.26 0.48 2.79838
1.26 0.54 2.98713
1.26 0.6 3.16146
1.26 0.66 3.32324
1.26 0.72 3.46837
1.26 0.78 3.59267
1.26 0.84 3.71294
1.26 0.9 3.87365
1.26 0.96 4.03648
1.26 1.02 4.19581
1.26 1.08 4.358
1.26 1.14 4.52441
1.26 1.2 4.69564
1.26 1.26 4.87326
1.26 1.32 5.06488
1.26 1.38 5.27316
1.26 1.44 5.49183
1.26 1.5 5.6965
1.26 1.56 5.90243
1.26 1.62 6.13157
1.26 1.68 6.38433
1.26 1.74 6.6611
1.26 1.8 6.96229
1.26 1.86 7.28829
1.26 1.92 7.63876
1.26 1.98 8.01426
1.26 2.04 8.41589
1.26 2.1 8.84477
1.26 2.16 9.30203
1.26 2.22 9.78883
1.26 2.28 10.3073
1.26 2.34 10.8595
1.26 2.4 11.4471
1.26 2.46 12.0719
1.26 2.52 12.7358
1.26 2.58 13.4367
1.26 2.64 14.1529
1.26 2.7 14.8999
1.26 2.76 15.6895
1.26 2.82 16.53
1.26 2.88 17.4275
1.26 2.94 18.39
1.26 3 19.306
1.32 0 1
1.32 0.06 1.15974
1.32 0.12 1.36297
1.32 0.18 1.59278
1.32 0.24 1.82099
1.32 0.3 2.04235
1.32 0.36 2.25598
1.32 0.42 2.46101
1.32 0.48 2.65658
1.32 0.54 2.83689
1.32 0.6 2.99895
1.32 0.66 3.14574
1.32 0.72 3.27542
1.32 0.78 3.3827
1.32 0.84 3.48511
1.32 0.9 3.62482
1.32 0.96 3.76052
1.32 1.02 3.89462
1.32 1.08 4.03129
1.32 1.14 4.17131
1.32 1.2 4.31553
1.32 1.26 4.46536
1.32 1.32 4.62372
1.32 1.38 4.79898
1.32 1.44 4.98765
1.32 1.5 5.16059
1.32 1.56 5.33961
1.32 1.62 5.5413
1.32 1.68 5.76608
1.32 1.74 6.01434
1.32 1.8 6.28609
1.32 1.86 6.5796
1.32 1.92 6.89556
1.32 1.98 7.23507
1.32 2.04 7.59927
1.32 2.1 7.98926
1.32 2.16 8.40616
1.32 2.22 8.85109
1.32 2.28 9.32516
1.32 2.34 9.8295
1.32 2.4 10.3652
1.32 2.46 10.9334
1.32 2.52 11.5352
1.32 2.58 12.1718
1.32 2.64 12.8458
1.32 2.7 13.5551
1.32 2.76 14.2989
1.32 2.82 15.087
1.32 2.88 15.928
1.32 2.94 16.831
1.32 3 17.704
1.38 0 1
1.38 0.06 1.13593
1.38 0.12 1.31452
1.38 0.18 1.52135
1.38 0.24 1.73234
1.38 0.3 1.93591
1.38 0.36 2.1312
1.38 0.42 2.31733
1.38 0.48 2.49343
1.38 0.54 2.65864
1.38 0.6 2.80879
1.38 0.66 2.93996
1.38 0.72 3.05367
1.38 0.78 3.14393
1.38 0.84 3.22847
1.38 0.9 3.3425
1.38 0.96 3.44939
1.38 1.02 3.55666
1.38 1.08 3.66556
1.38 1.14 3.7769
1.38 1.2 3.89184
1.38 1.26 4.01175
1.38 1.32 4.1383
1.38 1.38 4.2766
1.38 1.44 4.43155
1.38 1.5 4.5728
1.38 1.56 4.72457
1.38 1.62 4.89849
1.38 1.68 5.09496
1.38 1.74 5.31267
1.38 1.8 5.54921
1.38 1.86 5.80562
1.38 1.92 6.08302
1.38 1.98 6.38252
1.38 2.04 6.70523
1.38 2.1 7.05229
1.38 2.16 7.42479
1.38 2.22 7.82386
1.38 2.28 8.25062
1.38 2.34 8.70618
1.38 2.4 9.19166
1.38 2.46 9.70817
1.38 2.52 10.2564
1.38 2.58 10.8369
1.38 2.64 11.459
1.38 2.7 12.113
1.38 2.76 12.8069
1.38 2.82 13.5411
1.38 2.88 14.3242
1.38 2.94 15.165
1.38 3 15.994
1.44 0 1
1.44 0.06 1.11211
1.44 0.12 1.26607
1.44 0.18 1.44753
1.44 0.24 1.63865
1.44 0.3 1.82247
1.44 0.36 1.99744
1.44 0.42 2.16269
1.44 0.48 2.31736
1.44 0.54 2.46057
1.44 0.6 2.59146
1.44 0.66 2.70709
1.44 0.72 2.80312
1.44 0.78 2.87636
1.44 0.84 2.94282
1.44 0.9 3.02538
1.44 0.96 3.10355
1.44 1.02 3.18174
1.44 1.08 3.2607
1.44 1.14 3.34118
1.44 1.2 3.42438
1.44 1.26 3.51208
1.44 1.32 3.6058
1.44 1.38 3.70728
1.44 1.44 3.82412
1.44 1.5 3.93397
1.44 1.56 4.05817
1.44 1.62 4.2039
1.44 1.68 4.36729
1.44 1.74 4.54685
1.44 1.8 4.7437
1.44 1.86 4.95897
1.44 1.92 5.19376
1.44 1.98 5.4492
1.44 2.04 5.7264
1.44 2.1 6.02647
1.44 2.16 6.35039
1.44 2.22 6.69881
1.44 2.28 7.07278
1.44 2.34 7.47334
1.44 2.4 7.90154
1.44 2.46 8.36536
1.44 2.52 8.87616
1.44 2.58 9.4155
1.44 2.64 9.97321
1.44 2.7 10.573
1.44 2.76 11.214
1.44 2.82 11.8931
1.44 2.88 12.6167
1.44 2.94 13.394
1.44 3 14.176
1.5 0 1
1.5 0.06 1.0883
1.5 0.12 1.21763
1.5 0.18 1.37363
1.5 0.24 1.54133
1.5 0.3 1.70342
1.5 0.36 1.8561
1.5 0.42 1.99851
1.5 0.48 2.12977
1.5 0.54 2.24901
1.5 0.6 2.35537
1.5 0.66 2.44798
1.5 0.72 2.52476
1.5 0.78 2.57998
1.5 0.84 2.62526
1.5 0.9 2.67506
1.5 0.96 2.72284
1.5 1.02 2.7696
1.5 1.08 2.81594
1.5 1.14 2.86323
1.5 1.2 2.91289
1.5 1.26 2.96628
1.5 1.32 3.02482
1.5 1.38 3.09043
1.5 1.44 3.16595
1.5 1.5 3.24494
1.5 1.56 3.34021
1.5 1.62 3.44919
1.5 1.68 3.57176
1.5 1.74 3.70906
1.5 1.8 3.86216
1.5 1.86 4.03193
1.5 1.92 4.21953
1.5 1.98 4.426
1.5 2.04 4.65239
1.5 2.1 4.89973
1.5 2.16 5.16906
1.5 2.22 5.46143
1.5 2.28 5.78231
1.5 2.34 6.14061
1.5 2.4 6.54226
1.5 2.46 6.97602
1.5 2.52 7.42351
1.5 2.58 7.88755
1.5 2.64 8.39039
1.5 2.7 8.9351
1.5 2.76 9.5183
1.5 2.82 10.1436
1.5 2.88 10.8063
1.5 2.94 11.5186
1.5 3 12.25
1.56 0 1
1.56 0.06 1.06449
1.56 0.12 1.16918
1.56 0.18 1.29972
1.56 0.24 1.44177
1.56 0.3 1.58016
1.56 0.36 1.70858
1.56 0.42 1.82617
1.56 0.48 1.93205
1.56 0.54 2.02536
1.56 0.6 2.10521
1.56 0.66 2.17076
1.56 0.72 2.22112
1.56 0.78 2.25481
1.56 0.84 2.27427
1.56 0.9 2.29184
1.56 0.96 2.30607
1.56 1.02 2.31812
1.56 1.08 2.32939
1.56 1.14 2.34127
1.56 1.2 2.35514
1.56 1.26 2.37241
1.56 1.32 2.39445
1.56 1.38 2.42266
1.56 1.44 2.45843
1.56 1.5 2.50298
1.56 1.56 2.5576
1.56 1.62 2.62338
1.56 1.68 2.70135
1.56 1.74 2.79254
1.56 1.8 2.89801
1.56 1.86 3.01879
1.56 1.92 3.15591
1.56 1.98 3.31043
1.56 2.04 3.48337
1.56 2.1 3.67805
1.56 2.16 3.9004
1.56 2.22 4.15632
1.56 2.28 4.45176
1.56 2.34 4.78146
1.56 2.4 5.1259
1.56 2.46 5.48393
1.56 2.52 5.85714
1.56 2.58 6.26389
1.56 2.64 6.71826
1.56 2.7 7.19958
1.56 2.76 7.72058
1.56 2.82 8.2909
1.56 2.88 8.89359
1.56 2.94 9.53947
1.56 3 10.216
1.62 0 1
1.62 0.06 1.04068
1.62 0.12 1.12073
1.62 0.18 1.22582
1.62 0.24 1.34159
1.62 0.3 1.4541
1.62 0.36 1.55629
1.62 0.42 1.64708
1.62 0.48 1.72561
1.62 0.54 1.79102
1.62 0.6 1.84244
1.62 0.66 1.87901
1.62 0.72 1.89988
1.62 0.78 1.90418
1.62 0.84 1.8908
1.62 0.9 1.87234
1.62 0.96 1.85
1.62 1.02 1.82517
1.62 1.08 1.79927
1.62 1.14 1.77369
1.62 1.2 1.74982
1.62 1.26 1.72908
1.62 1.32 1.71286
1.62 1.38 1.703
1.62 1.44 1.69999
1.62 1.5 1.70201
1.62 1.56 1.71313
1.62 1.62 1.73393
1.62 1.68 1.76546
1.62 1.74 1.80874
1.62 1.8 1.86482
1.62 1.86 1.93473
1.62 1.92 2.01951
1.62 1.98 2.12259
1.62 2.04 2.24953
1.62 2.1 2.4062
1.62 2.16 2.59856
1.62 2.22 2.82578
1.62 2.28 3.06917
1.62 2.34 3.32667
1.62 2.4 3.59763
1.62 2.46 3.88276
1.62 2.52 4.19675
1.62 2.58 4.54759
1.62 2.64 4.95608
1.62 2.7 5.3666
1.62 2.76 5.82215
1.62 2.82 6.33436
1.62 2.88 6.87803
1.62 2.94 7.45723
1.62 3 8.074
1.68 0 1
1.68 0.06 1.01686
1.68 0.12 1.07228
1.68 0.18 1.15191
1.68 0.24 1.2414
1.68 0.3 1.3266
1.68 0.36 1.40086
1.68 0.42 1.46324
1.68 0.48 1.51288
1.68 0.54 1.54891
1.68 0.6 1.57048
1.68 0.66 1.57673
1.68 0.72 1.56678
1.68 0.78 1.53252
1.68 0.84 1.4743
1.68 0.9 1.41479
1.68 0.96 1.35455
1.68 1.02 1.29159
1.68 1.08 1.22731
1.68 1.14 1.16311
1.68 1.2 1.1004
1.68 1.26 1.04056
1.68 1.32 0.986561
1.68 1.38 0.940408
1.68 1.44 0.889562
1.68 1.5 0.846361
1.68 1.56 0.81285
1.68 1.62 0.787474
1.68 1.68 0.771343
1.68 1.74 0.765492
1.68 1.8 0.770958
1.68 1.86 0.788775
1.68 1.92 0.823393
1.68 1.98 0.88396
1.68 2.04 0.976402
1.68 2.1 1.10294
1.68 2.16 1.24729
1.68 2.22 1.40625
1.68 2.28 1.57919
1.68 2.34 1.76546
1.68 2.4 1.9652
1.68 2.46 2.1895
1.68 2.52 2.44583
1.68 2.58 2.74182
1.68 2.64 3.09745
1.68 2.7 3.43637
1.68 2.76 3.82492
1.68 2.82 4.27528
1.68 2.88 4.75697
1.68 2.94 5.27225
1.68 3 5.824
1.74 0 1
1.74 0.06 0.993049
1.74 0.12 1.02384
1.74 0.18 1.07801
1.74 0.24 1.14113
1.74 0.3 1.19756
1.74 0.36 1.24249
1.74 0.42 1.27506
1.74 0.48 1.29441
1.74 0.54 1.29968
1.74 0.6 1.29001
1.74 0.66 1.26453
1.74 0.72 1.21396
1.74 0.78 1.13484
1.74 0.84 1.03198
1.74 0.9 0.925552
1.74 0.96 0.822845
1.74 1.02 0.720543
1.74 1.08 0.616741
1.74 1.14 0.51278
1.74 1.2 0.410386
1.74 1.26 0.312579
1.74 1.32 0.221385
1.74 1.38 0.126
1.74 1.44 0.0263219
1.74 1.5 -0.0637837
1.74 1.56 -0.144511
1.74 1.62 -0.217028
1.74 1.68 -0.282065
1.74 1.74 -0.338299
1.74 1.8 -0.384695
1.74 1.86 -0.416671
1.74 1.92 -0.421014
1.74 1.98 -0.393102
1.74 2.04 -0.345797
1.74 2.1 -0.283362
1.74 2.16 -0.20644
1.74 2.22 -0.115671
1.74 2.28 -0.0116971
1.74 2.34 0.105243
1.74 2.4 0.242936
1.74 2.46 0.407731
1.74 2.52 0.604826
1.74 2.58 0.848539
1.74 2.64 1.1414
1.74 2.7 1.40906
1.74 2.76 1.73063
1.74 2.82 2.115
1.74 2.88 2.53156
1.74 2.94 2.98099
1.74 3 3.466
1.8 0 1
1.8 0.06 0.969236
1.8 0.12 0.975387
1.8 0.18 1.0041
1.8 0.24 1.03976
1.8 0.3 1.06594
1.8 0.36 1.08015
1.8 0.42 1.08152
1.8 0.48 1.0692
1.8 0.54 1.04231
1.8 0.6 1
1.8 0.66 0.932115
1.8 0.72 0.833357
1.8 0.78 0.710053
1.8 0.84 0.563081
1.8 0.9 0.408799
1.8 0.96 0.260443
1.8 1.02 0.115134
1.8 1.08 -0.0295338
1.8 1.14 -0.173587
1.8 1.2 -0.31543
1.8 1.26 -0.452974
1.8 1.32 -0.591141
1.8 1.38 -0.74235
1.8 1.44 -0.890552
1.8 1.5 -1.0292
1.8 1.56 -1.15907
1.8 1.62 -1.28073
1.8 1.68 -1.39566
1.8 1.74 -1.50352
1.8 1.8 -1.59997
1.8 1.86 -1.66838
1.8 1.92 -1.71612
1.8 1.98 -1.74821
1.8 2.04 -1.7653
1.8 2.1 -1.76804
1.8 2.16 -1.75705
1.8 2.22 -1.73299
1.8 2.28 -1.69631
1.8 2.34 -1.64216
1.8 2.4 -1.56583
1.8 2.46 -1.46211
1.8 2.52 -1.32534
1.8 2.58 -1.13495
1.8 2.64 -0.91187
1.8 2.7 -0.715109
1.8 2.76 -0.460627
1.8 2.82 -0.144796
1.8 2.88 0.20402
1.8 2.94 0.585193
1.8 3 1
1.86 0 1
1.86 0.06 0.945423
1.86 0.12 0.926939
1.86 0.18 0.930201
1.86 0.24 0.936195
1.86 0.3 0.930747
1.86 0.36 0.912844
1.86 0.42 0.881625
1.86 0.48 0.836228
1.86 0.54 0.775792
1.86 0.6 0.689296
1.86 0.66 0.5704
1.86 0.72 0.425038
1.86 0.78 0.257079
1.86 0.84 0.066196
1.86 0.9 -0.136438
1.86 0.96 -0.331396
1.86 1.02 -0.521099
1.86 1.08 -0.707929
1.86 1.14 -0.893957
1.86 1.2 -1.078
1.86 1.26 -1.26042
1.86 1.32 -1.45877
1.86 1.38 -1.66425
1.86 1.44 -1.86188
1.86 1.5 -2.05072
1.86 1.56 -2.23136
1.86 1.62 -2.40439
1.86 1.68 -2.57041
1.86 1.74 -2.72895
1.86 1.8 -2.86972
1.86 1.86 -2.99434
1.86 1.92 -3.10345
1.86 1.98 -3.19768
1.86 2.04 -3.27768
1.86 2.1 -3.34409
1.86 2.16 -3.39755
1.86 2.22 -3.43868
1.86 2.28 -3.465
1.86 2.34 -3.47405
1.86 2.4 -3.46064
1.86 2.46 -3.41956
1.86 2.52 -3.34135
1.86 2.58 -3.211
1.86 2.64 -3.06214
1.86 2.7 -2.93595
1.86 2.76 -2.74865
1.86 2.82 -2.50152
1.86 2.88 -2.22352
1.86 2.94 -1.91395
1.86 3 -1.574
1.92 0 1
1.92 0.06 0.921609
1.92 0.12 0.878491
1.92 0.18 0.855841
1.92 0.24 0.829439
1.92 0.3 0.790965
1.92 0.36 0.739558
1.92 0.42 0.674355
1.92 0.48 0.594496
1.92 0.54 0.488094
1.92 0.6 0.347893
1.92 0.66 0.179212
1.92 0.72 -0.0120614
1.92 0.78 -0.225168
1.92 0.84 -0.460459
1.92 0.9 -0.711127
1.92 0.96 -0.953637
1.92 1.02 -1.18868
1.92 1.08 -1.41949
1.92 1.14 -1.65017
1.92 1.2 -1.87913
1.92 1.26 -2.12259
1.92 1.32 -2.38127
1.92 1.38 -2.63928
1.92 1.44 -2.88769
1.92 1.5 -3.12749
1.92 1.56 -3.35909
1.92 1.62 -3.58289
1.92 1.68 -3.80511
1.92 1.74 -4.0221
1.92 1.8 -4.22124
1.92 1.86 -4.40524
1.92 1.92 -4.57461
1.92 1.98 -4.73001
1.92 2.04 -4.87207
1.92 2.1 -5.00146
1.92 2.16 -5.11881
1.92 2.22 -5.22479
1.92 2.28 -5.31616
1.92 2.34 -5.38998
1.92 2.4 -5.44105
1.92 2.46 -5.46459
1.92 2.52 -5.44545
1.92 2.58 -5.38271
1.92 2.64 -5.30921
1.92 2.7 -5.25328
1.92 2.76 -5.13324
1.92 2.82 -4.95742
1.92 2.88 -4.75298
1.92 2.94 -4.51834
1.92 3 -4.256
1.98 0 1
1.98 0.06 0.897796
1.98 0.12 0.830044
1.98 0.18 0.778819
1.98 0.24 0.718478
1.98 0.3 0.645586
1.98 0.36 0.559282
1.98 0.42 0.458704
1.98 0.48 0.331099
1.98 0.54 0.168298
1.98 0.6 -0.0244164
1.98 0.66 -0.241369
1.98 0.72 -0.479024
1.98 0.78 -0.737773
1.98 0.84 -1.01796
1.98 0.9 -1.31623
1.98 0.96 -1.60724
1.98 1.02 -1.88852
1.98 1.08 -2.16599
1.98 1.14 -2.44391
1.98 1.2 -2.7311
1.98 1.26 -3.04074
1.98 1.32 -3.35567
1.98 1.38 -3.66079
1.98 1.44 -3.95616
1.98 1.5 -4.24219
1.98 1.56 -4.5242
1.98 1.62 -4.81139
1.98 1.68 -5.10005
1.98 1.74 -5.38406
1.98 1.8 -5.64418
1.98 1.86 -5.88841
1.98 1.92 -6.11929
1.98 1.98 -6.33714
1.98 2.04 -6.5426
1.98 2.1 -6.73634
1.98 2.16 -6.91899
1.98 2.22 -7.09122
1.98 2.28 -7.24935
1.98 2.34 -7.38949
1.98 2.4 -7.50661
1.98 2.46 -7.59452
1.98 2.52 -7.64034
1.98 2.58 -7.65129
1.98 2.64 -7.65285
1.98 2.7 -7.66688
1.98 2.76 -7.61364
1.98 2.82 -7.51366
1.98 2.88 -7.38667
1.98 2.94 -7.22621
1.98 3 -7.046
2.04 0 1
2.04 0.06 0.873983
2.04 0.12 0.781596
2.04 0.18 0.697976
2.04 0.24 0.602303
2.04 0.3 0.493601
2.04 0.36 0.371008
2.04 0.42 0.220904
2.04 0.48 0.034207
2.04 0.54 -0.183802
2.04 0.6 -0.427839
2.04 0.66 -0.692404
2.04 0.72 -0.976935
2.04 0.78 -1.28182
2.04 0.84 -1.60741
2.04 0.9 -1.95271
2.04 0.96 -2.29318
2.04 1.02 -2.62195
2.04 1.08 -2.94912
2.04 1.14 -3.2816
2.04 1.2 -3.64016
2.04 1.26 -4.00859
2.04 1.32 -4.36621
2.04 1.38 -4.71295
2.04 1.44 -5.05265
2.04 1.5 -5.39736
2.04 1.56 -5.74779
2.04 1.62 -6.10134
2.04 1.68 -6.45705
2.04 1.74 -6.80756
2.04 1.8 -7.13531
2.04 1.86 -7.44379
2.04 1.92 -7.73709
2.04 1.98 -8.01877
2.04 2.04 -8.28901
2.04 2.1 -8.54848
2.04 2.16 -8.79781
2.04 2.22 -9.03765
2.04 2.28 -9.2641
2.04 2.34 -9.47214
2.04 2.4 -9.65729
2.04 2.46 -9.81042
2.04 2.52 -9.92812
2.04 2.58 -10.0165
2.04 2.64 -10.0928
2.04 2.7 -10.1766
2.04 2.76 -10.1928
2.04 2.82 -10.1714
2.04 2.88 -10.1244
2.04 2.94 -10.0384
2.04 3 -9.944
2.1 0 1
2.1 0.06 0.85017
2.1 0.12 0.732049
2.1 0.18 0.6123
2.1 0.24 0.479904
2.1 0.3 0.334
2.1 0.36 0.160102
2.1 0.42 -0.0517881
2.1 0.48 -0.296387
2.1 0.54 -0.568412
2.1 0.6 -0.86234
2.1 0.66 -1.17498
2.1 0.72 -1.50688
2.1 0.78 -1.85839
2.1 0.84 -2.22986
2.1 0.9 -2.62154
2.1 0.96 -3.01241
2.1 1.02 -3.39109
2.1 1.08 -3.77137
2.1 1.14 -4.17684
2.1 1.2 -4.59495
2.1 1.26 -5.00088
2.1 1.32 -5.39682
2.1 1.38 -5.79682
2.1 1.44 -6.20315
2.1 1.5 -6.61569
2.1 1.56 -7.03271
2.1 1.62 -7.45274
2.1 1.68 -7.87561
2.1 1.74 -8.29277
2.1 1.8 -8.6898
2.1 1.86 -9.06678
2.1 1.92 -9.42807
2.1 1.98 -9.77448
2.1 2.04 -10.1109
2.1 2.1 -10.4374
2.1 2.16 -10.7548
2.1 2.22 -11.0637
2.1 2.28 -11.36
2.1 2.34 -11.6375
2.1 2.4 -11.8923
2.1 2.46 -12.115
2.1 2.52 -12.3081
2.1 2.58 -12.478
2.1 2.64 -12.629
2.1 2.7 -12.7821
2.1 2.76 -12.8719
2.1 2.82 -12.9339
2.1 2.88 -12.9653
2.1 2.94 -12.9555
2.1 3 -12.95
2.16 0 1
2.16 0.06 0.826357
2.16 0.12 0.678169
2.16 0.18 0.520783
2.16 0.24 0.350272
2.16 0.3 0.151283
2.16 0.36 -0.0870951
2.16 0.42 -0.35958
2.16 0.48 -0.660629
2.16 0.54 -0.983968
2.16 0.6 -1.32753
2.16 0.66 -1.68992
2.16 0.72 -2.06993
2.16 0.78 -2.46857
2.16 0.84 -2.88643
2.16 0.9 -3.32386
2.16 0.96 -3.7659
2.16 1.02 -4.19762
2.16 1.08 -4.64806
2.16 1.14 -5.11167
2.16 1.2 -5.56257
2.16 1.26 -6.01564
2.16 1.32 -6.47566
2.16 1.38 -6.9425
2.16 1.44 -7.41601
2.16 1.5 -7.89516
2.16 1.56 -8.37808
2.16 1.62 -8.86512
2.16 1.68 -9.35538
2.16 1.74 -9.83923
2.16 1.8 -10.3047
2.16 1.86 -10.7528
2.16 1.92 -11.1859
2.16 1.98 -11.6042
2.16 2.04 -12.0078
2.16 2.1 -12.4028
2.16 2.16 -12.7896
2.16 2.22 -13.1688
2.16 2.28 -13.5365
2.16 2.34 -13.885
2.16 2.4 -14.2112
2.16 2.46 -14.5075
2.16 2.52 -14.7813
2.16 2.58 -15.0326
2.16 2.64 -15.2611
2.16 2.7 -15.4834
2.16 2.76 -15.6526
2.16 2.82 -15.7992
2.16 2.88 -15.9105
2.16 2.94 -15.9791
2.16 3 -16.064
2.22 0 1
2.22 0.06 0.802544
2.22 0.12 0.618831
2.22 0.18 0.422416
2.22 0.24 0.197041
2.22 0.3 -0.0691222
2.22 0.36 -0.370546
2.22 0.42 -0.698733
2.22 0.48 -1.05044
2.22 0.54 -1.42429
2.22 0.6 -1.81888
2.22 0.66 -2.23285
2.22 0.72 -2.66479
2.22 0.78 -3.11334
2.22 0.84 -3.57818
2.22 0.9 -4.06174
2.22 0.96 -4.5546
2.22 1.02 -5.05105
2.22 1.08 -5.5558
2.22 1.14 -6.05971
2.22 1.2 -6.57119
2.22 1.26 -7.09009
2.22 1.32 -7.61629
2.22 1.38 -8.14966
2.22 1.44 -8.68969
2.22 1.5 -9.23407
2.22 1.56 -9.78386
2.22 1.62 -10.338
2.22 1.68 -10.8958
2.22 1.74 -11.4465
2.22 1.8 -11.9807
2.22 1.86 -12.5011
2.22 1.92 -13.0066
2.22 1.98 -13.4999
2.22 2.04 -13.9792
2.22 2.1 -14.4441
2.22 2.16 -14.9017
2.22 2.22 -15.3527
2.22 2.28 -15.7933
2.22 2.34 -16.2162
2.22 2.4 -16.6144
2.22 2.46 -16.9904
2.22 2.52 -17.3458
2.22 2.58 -17.6791
2.22 2.64 -17.9889
2.22 2.7 -18.28
2.22 2.76 -18.5378
2.22 2.82 -18.7677
2.22 2.88 -18.9608
2.22 2.94 -19.1107
2.22 3 -19.286
2.28 0 1
2.28 0.06 0.776638
2.28 0.12 0.553024
2.28 0.18 0.299966
2.28 0.24 0.00487608
2.28 0.3 -0.321899
2.28 0.36 -0.675495
2.28 0.42 -1.05453
2.28 0.48 -1.45762
2.28 0.54 -1.88337
2.28 0.6 -2.33041
2.28 0.66 -2.79735
2.28 0.72 -3.2828
2.28 0.78 -3.78539
2.28 0.84 -4.30372
2.28 0.9 -4.83639
2.28 0.96 -5.38241
2.28 1.02 -5.93491
2.28 1.08 -6.49551
2.28 1.14 -7.06384
2.28 1.2 -7.64007
2.28 1.26 -8.22403
2.28 1.32 -8.81556
2.28 1.38 -9.41451
2.28 1.44 -10.0207
2.28 1.5 -10.6328
2.28 1.56 -11.2496
2.28 1.62 -11.8709
2.28 1.68 -12.4962
2.28 1.74 -13.1141
2.28 1.8 -13.7173
2.28 1.86 -14.3082
2.28 1.92 -14.888
2.28 1.98 -15.4581
2.28 2.04 -16.0158
2.28 2.1 -16.5604
2.28 2.16 -17.0908
2.28 2.22 -17.6149
2.28 2.28 -18.1298
2.28 2.34 -18.6279
2.28 2.4 -19.1043
2.28 2.46 -19.5619
2.28 2.52 -19.9995
2.28 2.58 -20.4156
2.28 2.64 -20.8089
2.28 2.7 -21.1786
2.28 2.76 -21.525
2.28 2.82 -21.8402
2.28 2.88 -22.1171
2.28 2.94 -22.3503
2.28 3 -22.616
2.34 0 1
2.34 0.06 0.744688
2.34 0.12 0.462703
2.34 0.18 0.143602
2.34 0.24 -0.205622
2.34 0.3 -0.583584
2.34 0.36 -0.9889
2.34 0.42 -1.42019
2.34 0.48 -1.87606
2.34 0.54 -2.35513
2.34 0.6 -2.8562
2.34 0.66 -3.3781
2.34 0.72 -3.91943
2.34 0.78 -4.47881
2.34 0.84 -5.05481
2.34 0.9 -5.6399
2.34 0.96 -6.24987
2.34 1.02 -6.86963
2.34 1.08 -7.49464
2.34 1.14 -8.12756
2.34 1.2 -8.76861
2.34 1.26 -9.41763
2.34 1.32 -10.0745
2.34 1.38 -10.739
2.34 1.44 -11.4109
2.34 1.5 -12.0902
2.34 1.56 -12.7747
2.34 1.62 -13.4633
2.34 1.68 -14.1561
2.34 1.74 -14.8415
2.34 1.8 -15.5136
2.34 1.86 -16.1752
2.34 1.92 -16.8297
2.34 1.98 -17.476
2.34 2.04 -18.1131
2.34 2.1 -18.7398
2.34 2.16 -19.3549
2.34 2.22 -19.9549
2.34 2.28 -20.5469
2.34 2.34 -21.122
2.34 2.4 -21.6802
2.34 2.46 -22.2207
2.34 2.52 -22.7424
2.34 2.58 -23.2435
2.34 2.64 -23.7207
2.34 2.7 -24.1765
2.34 2.76 -24.6135
2.34 2.82 -25.0171
2.34 2.88 -25.3803
2.34 2.94 -25.6979
2.34 3 -26.054
2.4 0 1
2.4 0.06 0.694656
2.4 0.12 0.355551
2.4 0.18 -0.0159415
2.4 0.24 -0.418446
2.4 0.3 -0.850588
2.4 0.36 -1.31099
2.4 0.42 -1.79828
2.4 0.48 -2.31109
2.4 0.54 -2.84803
2.4 0.6 -3.40774
2.4 0.66 -3.98884
2.4 0.72 -4.58882
2.4 0.78 -5.19612
2.4 0.84 -5.81488
2.4 0.9 -6.46835
2.4 0.96 -7.14872
2.4 1.02 -7.84461
2.4 1.08 -8.54413
2.4 1.14 -9.24857
2.4 1.2 -9.95831
2.4 1.26 -10.6734
2.4 1.32 -11.3948
2.4 1.38 -12.1243
2.4 1.44 -12.8615
2.4 1.5 -13.6063
2.4 1.56 -14.3584
2.4 1.62 -15.1147
2.4 1.68 -15.8752
2.4 1.74 -16.6282
2.4 1.8 -17.3704
2.4 1.86 -18.1078
2.4 1.92 -18.8393
2.4 1.98 -19.5637
2.4 2.04 -20.2801
2.4 2.1 -20.9873
2.4 2.16 -21.6853
2.4 2.22 -22.3717
2.4 2.28 -23.0473
2.4 2.34 -23.7063
2.4 2.4 -24.3493
2.4 2.46 -24.9749
2.4 2.52 -25.5819
2.4 2.58 -26.1662
2.4 2.64 -26.7263
2.4 2.7 -27.2676
2.4 2.76 -27.7969
2.4 2.82 -28.2933
2.4 2.88 -28.7468
2.4 2.94 -29.1536
2.4 3 -29.6
2.46 0 1
2.46 0.06 0.635211
2.46 0.12 0.239487
2.46 0.18 -0.188075
2.46 0.24 -0.647234
2.46 0.3 -1.13662
2.46 0.36 -1.65485
2.46 0.42 -2.20055
2.46 0.48 -2.77235
2.46 0.54 -3.36888
2.46 0.6 -3.98624
2.46 0.66 -4.61522
2.46 0.72 -5.24959
2.46 0.78 -5.90712
2.46 0.84 -6.60208
2.46 0.9 -7.32703
2.46 0.96 -8.07772
2.46 1.02 -8.84817
2.46 1.08 -9.624
2.46 1.14 -10.403
2.46 1.2 -11.1867
2.46 1.26 -11.9755
2.46 1.32 -12.7694
2.46 1.38 -13.5685
2.46 1.44 -14.373
2.46 1.5 -15.1827
2.46 1.56 -16
2.46 1.62 -16.8247
2.46 1.68 -17.6528
2.46 1.74 -18.4749
2.46 1.8 -19.2941
2.46 1.86 -20.1101
2.46 1.92 -20.9219
2.46 1.98 -21.7273
2.46 2.04 -22.5255
2.46 2.1 -23.3152
2.46 2.16 -24.0954
2.46 2.22 -24.8641
2.46 2.28 -25.6322
2.46 2.34 -26.3807
2.46 2.4 -27.1086
2.46 2.46 -27.8199
2.46 2.52 -28.5096
2.46 2.58 -29.1734
2.46 2.64 -29.826
2.46 2.7 -30.4557
2.46 2.76 -31.0748
2.46 2.82 -31.6694
2.46 2.88 -32.2184
2.46 2.94 -32.7172
2.46 3 -33.254
2.52 0 1
2.52 0.06 0.574016
2.52 0.12 0.117127
2.52 0.18 -0.370393
2.52 0.24 -0.88825
2.52 0.3 -1.43643
2.52 0.36 -2.01404
2.52 0.42 -2.61969
2.52 0.48 -3.24894
2.52 0.54 -3.89533
2.52 0.6 -4.55265
2.52 0.66 -5.21793
2.52 0.72 -5.91633
2.52 0.78 -6.65225
2.52 0.84 -7.42149
2.52 0.9 -8.21741
2.52 0.96 -9.03904
2.52 1.02 -9.88332
2.52 1.08 -10.7343
2.52 1.14 -11.5898
2.52 1.2 -12.448
2.52 1.26 -13.3107
2.52 1.32 -14.1782
2.52 1.38 -15.0507
2.52 1.44 -15.9281
2.52 1.5 -16.8107
2.52 1.56 -17.6983
2.52 1.62 -18.5904
2.52 1.68 -19.4906
2.52 1.74 -20.3914
2.52 1.8 -21.2897
2.52 1.86 -22.185
2.52 1.92 -23.0764
2.52 1.98 -23.9627
2.52 2.04 -24.8428
2.52 2.1 -25.7158
2.52 2.16 -26.5787
2.52 2.22 -27.4368
2.52 2.28 -28.2975
2.52 2.34 -29.1385
2.52 2.4 -29.9547
2.52 2.46 -30.7482
2.52 2.52 -31.5185
2.52 2.58 -32.2766
2.52 2.64 -33.0198
2.52 2.7 -33.7404
2.52 2.76 -34.4486
2.52 2.82 -35.1438
2.52 2.88 -35.7937
2.52 2.94 -36.3888
2.52 3 -37.016
2.58 0 1
2.58 0.06 0.512821
2.58 0.12 -0.00524097
2.58 0.18 -0.553911
2.58 0.24 -1.13292
2.58 0.3 -1.74198
2.58 0.36 -2.37877
2.58 0.42 -3.03833
2.58 0.48 -3.71444
2.58 0.54 -4.40085
2.58 0.6 -5.1021
2.58 0.66 -5.8422
2.58 0.72 -6.61991
2.58 0.78 -7.43246
2.58 0.84 -8.27344
2.58 0.9 -9.14088
2.58 0.96 -10.0339
2.58 1.02 -10.9514
2.58 1.08 -11.8782
2.58 1.14 -12.8089
2.58 1.2 -13.7438
2.58 1.26 -14.6809
2.58 1.32 -15.6221
2.58 1.38 -16.5673
2.58 1.44 -17.5173
2.58 1.5 -18.4726
2.58 1.56 -19.4333
2.58 1.62 -20.4087
2.58 1.68 -21.3964
2.58 1.74 -22.3742
2.58 1.8 -23.3488
2.58 1.86 -24.3251
2.58 1.92 -25.3
2.58 1.98 -26.2695
2.58 2.04 -27.2342
2.58 2.1 -28.1915
2.58 2.16 -29.1411
2.58 2.22 -30.0906
2.58 2.28 -31.0439
2.58 2.34 -31.9756
2.58 2.4 -32.8793
2.58 2.46 -33.756
2.58 2.52 -34.6184
2.58 2.58 -35.4721
2.58 2.64 -36.3086
2.58 2.7 -37.1225
2.58 2.76 -37.9236
2.58 2.82 -38.7149
2.58 2.88 -39.4711
2.58 2.94 -40.1684
2.58 3 -40.886
2.64 0 1
2.64 0.06 0.451626
2.64 0.12 -0.127609
2.64 0.18 -0.737429
2.64 0.24 -1.37756
2.64 0.3 -2.04609
2.64 0.36 -2.73672
2.64 0.42 -3.44327
2.64 0.48 -4.15957
2.64 0.54 -4.90179
2.64 0.6 -5.68443
2.64 0.66 -6.50476
2.64 0.72 -7.36008
2.64 0.78 -8.24627
2.64 0.84 -9.15936
2.64 0.9 -10.0988
2.64 0.96 -11.0638
2.64 1.02 -12.0536
2.64 1.08 -13.057
2.64 1.14 -14.0635
2.64 1.2 -15.0736
2.64 1.26 -16.0849
2.64 1.32 -17.1
2.64 1.38 -18.12
2.64 1.44 -19.1451
2.64 1.5 -20.176
2.64 1.56 -21.2227
2.64 1.62 -22.2858
2.64 1.68 -23.3604
2.64 1.74 -24.4288
2.64 1.8 -25.4862
2.64 1.86 -26.5378
2.64 1.92 -27.5926
2.64 1.98 -28.6476
2.64 2.04 -29.7008
2.64 2.1 -30.745
2.64 2.16 -31.7845
2.64 2.22 -32.8253
2.64 2.28 -33.8713
2.64 2.34 -34.8937
2.64 2.4 -35.882
2.64 2.46 -36.8493
2.64 2.52 -37.8121
2.64 2.58 -38.7606
2.64 2.64 -39.6931
2.64 2.7 -40.6028
2.64 2.76 -41.4992
2.64 2.82 -42.3834
2.64 2.88 -43.2489
2.64 2.94 -44.056
2.64 3 -44.864
2.7 0 1
2.7 0.06 0.390431
2.7 0.12 -0.249976
2.7 0.18 -0.920947
2.7 0.24 -1.62136
2.7 0.3 -2.3438
2.7 0.36 -3.08156
2.7 0.42 -3.83122
2.7 0.48 -4.61672
2.7 0.54 -5.44272
2.7 0.6 -6.3065
2.7 0.66 -7.20536
2.7 0.72 -8.13637
2.7 0.78 -9.09496
2.7 0.84 -10.0806
2.7 0.9 -11.0926
2.7 0.96 -12.13
2.7 1.02 -13.1919
2.7 1.08 -14.2721
2.7 1.14 -15.3552
2.7 1.2 -16.4408
2.7 1.26 -17.5269
2.7 1.32 -18.618
2.7 1.38 -19.7142
2.7 1.44 -20.8165
2.7 1.5 -21.9355
2.7 1.56 -23.0711
2.7 1.62 -24.2213
2.7 1.68 -25.3822
2.7 1.74 -26.5401
2.7 1.8 -27.6914
2.7 1.86 -28.8327
2.7 1.92 -29.9661
2.7 1.98 -31.1035
2.7 2.04 -32.2424
2.7 2.1 -33.3795
2.7 2.16 -34.5089
2.7 2.22 -35.6411
2.7 2.28 -36.7796
2.7 2.34 -37.8928
2.7 2.4 -38.9685
2.7 2.46 -40.0366
2.7 2.52 -41.0971
2.7 2.58 -42.143
2.7 2.64 -43.1742
2.7 2.7 -44.1821
2.7 2.76 -45.1763
2.7 2.82 -46.1572
2.7 2.88 -47.1256
2.7 2.94 -48.0474
2.7 3 -48.95
2.76 0 1
2.76 0.06 0.329236
2.76 0.12 -0.372344
2.76 0.18 -1.10431
2.76 0.24 -1.85931
2.76 0.3 -2.62902
2.76 0.36 -3.41698
2.76 0.42 -4.24657
2.76 0.48 -5.11676
2.76 0.54 -6.02482
2.76 0.6 -6.96806
2.76 0.66 -7.94374
2.76 0.72 -8.94813
2.76 0.78 -9.97989
2.76 0.84 -11.0387
2.76 0.9 -12.1236
2.76 0.96 -13.2339
2.76 1.02 -14.3687
2.76 1.08 -15.5247
2.76 1.14 -16.685
2.76 1.2 -17.8462
2.76 1.26 -19.0094
2.76 1.32 -20.1777
2.76 1.38 -21.3528
2.76 1.44 -22.5453
2.76 1.5 -23.7546
2.76 1.56 -24.9786
2.76 1.62 -26.2155
2.76 1.68 -27.4619
2.76 1.74 -28.7082
2.76 1.8 -29.9523
2.76 1.86 -31.1907
2.76 1.92 -32.4202
2.76 1.98 -33.6402
2.76 2.04 -34.8645
2.76 2.1 -36.0915
2.76 2.16 -37.3142
2.76 2.22 -38.5378
2.76 2.28 -39.769
2.76 2.34 -40.9697
2.76 2.4 -42.1421
2.76 2.46 -43.3146
2.76 2.52 -44.474
2.76 2.58 -45.6202
2.76 2.64 -46.7529
2.76 2.7 -47.8614
2.76 2.76 -48.9557
2.76 2.82 -50.0356
2.76 2.88 -51.101
2.76 2.94 -52.141
2.76 3 -53.144
2.82 0 1
2.82 0.06 0.268041
2.82 0.12 -0.494712
2.82 0.18 -1.28297
2.82 0.24 -2.08539
2.82 0.3 -2.91652
2.82 0.36 -3.79105
2.82 0.42 -4.70626
2.82 0.48 -5.65944
2.82 0.54 -6.6476
2.82 0.6 -7.66728
2.82 0.66 -8.71719
2.82 0.72 -9.79605
2.82 0.78 -10.9025
2.82 0.84 -12.0348
2.82 0.9 -13.1933
2.82 0.96 -14.3769
2.82 1.02 -15.585
2.82 1.08 -16.8162
2.82 1.14 -18.0545
2.82 1.2 -19.2922
2.82 1.26 -20.5338
2.82 1.32 -21.7829
2.82 1.38 -23.0502
2.82 1.44 -24.3342
2.82 1.5 -25.6332
2.82 1.56 -26.9452
2.82 1.62 -28.2684
2.82 1.68 -29.5996
2.82 1.74 -30.9333
2.82 1.8 -32.269
2.82 1.86 -33.6035
2.82 1.92 -34.9334
2.82 1.98 -36.2554
2.82 2.04 -37.5669
2.82 2.1 -38.8823
2.82 2.16 -40.2006
2.82 2.22 -41.5156
2.82 2.28 -42.8393
2.82 2.34 -44.1294
2.82 2.4 -45.4097
2.82 2.46 -46.6827
2.82 2.52 -47.9439
2.82 2.58 -49.1904
2.82 2.64 -50.4217
2.82 2.7 -51.6392
2.82 2.76 -52.8382
2.82 2.82 -54.0196
2.82 2.88 -55.1854
2.82 2.94 -56.3356
2.82 3 -57.446
2.88 0 1
2.88 0.06 0.206846
2.88 0.12 -0.61449
2.88 0.18 -1.45275
2.88 0.24 -2.32956
2.88 0.3 -3.24985
2.88 0.36 -4.21074
2.88 0.42 -5.20771
2.88 0.48 -6.2388
2.88 0.54 -7.30272
2.88 0.6 -8.39818
2.88 0.66 -9.52388
2.88 0.72 -10.6785
2.88 0.78 -11.8608
2.88 0.84 -13.0694
2.88 0.9 -14.3029
2.88 0.96 -15.5604
2.88 1.02 -16.8422
2.88 1.08 -18.1478
2.88 1.14 -19.4647
2.88 1.2 -20.7806
2.88 1.26 -22.105
2.88 1.32 -23.4481
2.88 1.38 -24.8082
2.88 1.44 -26.1833
2.88 1.5 -27.5716
2.88 1.56 -28.9692
2.88 1.62 -30.3761
2.88 1.68 -31.7912
2.88 1.74 -33.2132
2.88 1.8 -34.6408
2.88 1.86 -36.0713
2.88 1.92 -37.5005
2.88 1.98 -38.9261
2.88 2.04 -40.3449
2.88 2.1 -41.7534
2.88 2.16 -43.1633
2.88 2.22 -44.5744
2.88 2.28 -45.9907
2.88 2.34 -47.379
2.88 2.4 -48.7656
2.88 2.46 -50.1411
2.88 2.52 -51.5017
2.88 2.58 -52.8511
2.88 2.64 -54.188
2.88 2.7 -55.511
2.88 2.76 -56.819
2.88 2.82 -58.11
2.88 2.88 -59.3786
2.88 2.94 -60.6303
2.88 3 -61.856
2.94 0 1
2.94 0.06 0.146407
2.94 0.12 -0.732477
2.94 0.18 -1.65573
2.94 0.24 -2.61992
2.94 0.3 -3.62214
2.94 0.36 -4.66107
2.94 0.42 -5.73543
2.94 0.48 -6.84392
2.94 0.54 -7.98524
2.94 0.6 -9.15809
2.94 0.66 -10.3612
2.94 0.72 -11.5932
2.94 0.78 -12.8529
2.94 0.84 -14.1389
2.94 0.9 -15.45
2.94 0.96 -16.7849
2.94 1.02 -18.1419
2.94 1.08 -19.5213
2.94 1.14 -20.9161
2.94 1.2 -22.3172
2.94 1.26 -23.7373
2.94 1.32 -25.174
2.94 1.38 -26.6242
2.94 1.44 -28.0878
2.94 1.5 -29.5636
2.94 1.56 -31.0501
2.94 1.62 -32.5461
2.94 1.68 -34.0503
2.94 1.74 -35.5614
2.94 1.8 -37.0782
2.94 1.86 -38.5992
2.94 1.92 -40.1233
2.94 1.98 -41.6492
2.94 2.04 -43.1754
2.94 2.1 -44.6952
2.94 2.16 -46.2058
2.94 2.22 -47.7141
2.94 2.28 -49.2205
2.94 2.34 -50.7194
2.94 2.4 -52.2067
2.94 2.46 -53.6845
2.94 2.52 -55.1524
2.94 2.58 -56.609
2.94 2.64 -58.0531
2.94 2.7 -59.4834
2.94 2.76 -60.8986
2.94 2.82 -62.2973
2.94 2.88 -63.6783
2.94 2.94 -65.0372
2.94 3 -66.374
3 0 1
3 0.06 0.078616
3 0.12 -0.884672
3 0.18 -1.88857
3 0.24 -2.93178
3 0.3 -4.013
3 0.36 -5.13094
3 0.42 -6.28431
3 0.48 -7.47181
3 0.54 -8.69214
3 0.6 -9.944
3 0.66 -11.2261
3 0.72 -12.5372
3 0.78 -13.8758
3 0.84 -15.2409
3 0.9 -16.631
3 0.96 -18.0449
3 1.02 -19.4812
3 1.08 -20.9387
3 1.14 -22.4161
3 1.2 -23.912
3 1.26 -25.4252
3 1.32 -26.9544
3 1.38 -28.4983
3 1.44 -30.0556
3 1.5 -31.625
3 1.56 -33.2052
3 1.62 -34.7949
3 1.68 -36.3928
3 1.74 -37.9976
3 1.8 -39.608
3 1.86 -41.2227
3 1.92 -42.8405
3 1.98 -44.46
3 2.04 -46.0799
3 2.1 -47.699
3 2.16 -49.3159
3 2.22 -50.9294
3 2.28 -52.538
3 2.34 -54.1407
3 2.4 -55.736
3 2.46 -57.3227
3 2.52 -58.8994
3 2.58 -60.4649
3 2.64 -62.0179
3 2.7 -63.557
3 2.76 -65.081
3 2.82 -66.5886
3 2.88 -68.0785
3 2.94 -69.5494
3 3 -71
